,Restaurant Name,Overall Rating,Total Reviews,Specialty,Region,Price Range,Author,Comment,Rating,Date
0,Mr. Hoang,4,19,Vietnamesisch / ,Wedding,2,Bine R.,"Die Lage ist erstmal top direkt an einem Platz mit einem Brunnen. Man sowohl drinnen als auch draußen sitzen. Die Bedienung war bei uns ausgesprochen höflich. Es läuft eine beruhigende asiatische Musik im Hintergrund.  Die Inneneinrichtung ist nicht super modern - eher so ein Mix aus modischen Elementen und altbackenen Elementen. Was ich sehr cool finde, ist das aus diesem Restaurant über deliveroo oder sonstige lieferservice die Sachen abgeholt werden. Da kann man auch mal ganz entspannt zu hause mal etwas bestellen. Gerade kam die Vorspeise - sommerrollen! Optisch als auch geschmacklich top! Hauptspeise: reisnudel salat mit asiatischen Kräutern und Salat mit entenbrust. Was ein traum! Die Nudeln waren noch halb warm und in eine süße Soße mit Honig Geschmack gehüllt! Damit hatte ich nicht gerechnet weil es so nicht in der Karte stand! Vielleicht ist es auch nicht jeder Manns Geschmack aber meinen hat es durchaus getroffen! Es war erst einmal überraschend und sehr erfrischend! Immer wieder gerne! Hier werde ich noch öfters hinkommen!",5,30.5.2016
1,Mr. Hoang,4,19,Vietnamesisch / ,Wedding,2,Stefan H.,"Sehr schade, ich dachte ich probiere es doch einmal mit dem Laden, in der Hoffnung auf gute Qualität und faire Preise. Als die Gerichte geliefert wurden kam dann die Ernüchterung. Alle Hauptgerichte waren (wie auf der Karte angegeben) nicht mit verschiedenem Gemüse, sondern mit einfachem Rohkostsalat als Beilage versehen. Darunter gab es eine kleine Kelle Soße mit Sprossen, die aber höchstens für die Hälfte der Reismenge gereicht hätte.Auf telefonische Nachfrage wurde mir mitgeteilt, dass das aber so in der Karte stünde - was es definitiv nicht tat. Da es im Hintergrund die Lautstärke einer Großkantine hatte, habe ich mir aber die Diskussion erspart. Einmal und nie wieder.",1,15.11.2017
2,Mr. Hoang,4,19,Vietnamesisch / ,Wedding,2,Theo P.,"Vietfood am Nettelbeckplatz!? Yessir! Mr. Hoang war schon einige Male mein zu Hause und jedes Mal wurde ich nicht enttäuscht. Die Gerichte sind gut gewählt, es gibt auch vegetarisch und vegane Bereiche der Karte. Die Pho war mal selbst gekocht und mal etwas gestreckt...was bei dem Preis okay ist. Mein Favorit ist das Udon Nudel Gericht welches im Bambustopf daher kommt und wirklich lecker ist. Leider etwas teuer für die Gegend aber dennoch zu empfehlen. Da der Laden bis jetzt immer angenehm leer war auch gut für Gruppen oder Treffen geeignet.Wenn einen also der VietHunger in der Gegend überkommt, sollte man auf jeden Fall mal einen Besuch wagen :)",4,20.3.2018
3,Mr. Hoang,4,19,Vietnamesisch / ,Wedding,2,Gui M.,"Ein neuer Stern im Wedding. Krosse Ente mit Reis und Gemüse sehr lecker: frisch und knackig das Gemüse, die Ente etwas über dem Durchschnitt in Berlin, die Sauce etwas zu salzig, 7,80€. Mango-Lassi gut. Am Sonntag Abend Ende Mai konnten wir sehr schön auf dem Nettelbeckplatz draußen essen. Bedienung sehr sympathisch, familiär, Toiletten sauber. Tipp an die Bedienung: Besteck vor dem Essen an den Tisch bringen. Ansonsten: weiter so! Danke. 5 Sterne für das Gesamterlebnis.",5,29.5.2016
4,Mr. Hoang,4,19,Vietnamesisch / ,Wedding,2,Andrea S.,"Wir waren heute spontan hier und sehr angenehm überrascht.  Die Speisen waren schmackhaft,  angemessen - also auch nicht ZU - schnell serviert. Der Service sehr freundlich und die Preise zivil.  Z. B. ein Hauptgericht mit Garnelen unter 10.00€!",5,14.5.2016
5,Mr. Hoang,4,19,Vietnamesisch / ,Wedding,2,Lisa M.,"Die Gerichte sind immer frisch zubereitet und schmecken mal etwas außergewöhnlicher! Das Ambiente und die Einrichtung sind nicht mein Geschmack, aber es ist sauber und das Personal ist nett!Wir lassen uns das Essen gerne liefern und auch hier sind wir sehr zufrieden mit dem Geschmack! Allerdings könnte es besser verpackt und sicherer transportiert sein.. leider ist schon öfter etwas ausgelaufen.",4,11.8.2017
6,Mr. Hoang,4,19,Vietnamesisch / ,Wedding,2,Cristiano L.,"Da ich hier in der Nähe arbeite gehe ich des Öfteren zum Mittag mit Kollegen hier her. Es ist definitiv eines der besten Restaurants in der Umgebung, aber zum 5. Stern reicht es einfach doch nicht, da ich schon besser gegessen habe.Komme aber immer gerne her, da es mittags bei schönem Wetter nett ist und eine Vielfalt an Gerichten vorhanden ist, sodass man immer mal wieder was anderes essen kann.",4,11.5.2016
7,Mr. Hoang,4,19,Vietnamesisch / ,Wedding,2,Christoph H.,"Mr. Hoang, das gute vietnamesische Restaurant am Nettelbeckplatz.Sehr freundliche Bedienung bringt einem gutes Essen zum günstigen Preis. Die Karte ist angenehm klein mit vielen vegetarische Speisen.Einrichtung ist eher passend. Nicht allzu überladen, dennoch mit Asia Touch.Ich bin auf der Suche nach der besten Pho der Stadt hier gelandet. Die gibt es zwar wo anders. Ich empfehle den laden dennoch jedem, der in der nähe ist und nicht enttäuscht werden will.",4,5.5.2017
8,Mr. Hoang,4,19,Vietnamesisch / ,Wedding,2,Charlotte B.,"Superfrisch und lecker. Neben Rind, Geflügel und Fisch gibt es auch extra ein umfangreiches vegetarisches Menü. An Getränken gibt es neben den Standardsachen auch selbstgemachte Fruchtsäfte und Smoothies und eine kleine Auswahl an Cocktails.Das Restaurant ist sehr geräumig und nicht so kitschig eingerichtet wie andere asiatische Restaurants. Das Team ist sehr nett und das Essen kam schnell. Sehr zu empfehlen und auf jeden Fall eine Bereicherung für den Nettelbeckplatz!",5,18.10.2015
9,Mr. Hoang,4,19,Vietnamesisch / ,Wedding,2,Leo R.,"Durchaus gemütlich und hochwertig eingerichtet ist man nach der Aussenansicht positiv überrascht. Das würde man in dieser Ecke Berlins garnicht vermuten. Hochwertiges Mobiliar, liebevolle Dekoration, familiengeführt mit sehr netten Personal und das Essen war einwandfrei und gut. Hatte Biotofu mit Gemüse und chili in einer sojasauce und das war gut gemacht. Der Tee wird in schönen Tassen ausgegeben. Das wird hier als Mittagstisch nicht das letzte mal gewesen sein. Daumen hoch !",5,20.10.2017
10,Mr. Hoang,4,19,Vietnamesisch / ,Wedding,2,Peter M.,"Sehr nett, lecker und frisch. Die Zutaten sind gut aufeinander abgestimmt und es gibt viele leckere Sachen zur Auswahl.",5,2.1.2016
11,Mr. Hoang,4,19,Vietnamesisch / ,Wedding,2,Ansgar D.,Der Papaya Salat war irgendwann morgens in größerer Menge gemacht worden und war um 13 Uhr kein Erlebnis mehr. Die Sauer Scharf Suppe zum Lunch Menü hatte sich wohl im Land geirrt und gehört für mich nicht klassisch zur vietnamesischen Küche. Das Gemüse im Curry war auch nicht gerade knackig. Alles ok aber leider nicht gut. Relativ zur Gegend vielleicht hinnehmbar aber ich würde nicht unbedingt wiederkommen... man findet in Berlin viel bessere Läden.,3,8.11.2017
12,Mr. Hoang,4,19,Vietnamesisch / ,Wedding,2,Bella M.,"Wir waren an einem Sonntagmittag dort als wenig Gäste dort waren. Uns hat die große und abwechslungsreiche Auswahl begeistert, die Kellnerin  war jedoch sehr ungeduldig und machte Stress. Die Getränke waren frisch und lecker, das Essen überzeugte jedoch nicht...zu salzig, einfallslos (anders als die Karte es vermuten lässt) und im Vergleich zu ähnlichen Restaurants etwas teurer und kann qualitativ& geschmacklich  nicht mithalten. Schade :-(",3,10.6.2017
13,Mr. Hoang,4,19,Vietnamesisch / ,Wedding,2,Thomas K.,"Eine kleine positive Überraschung ist das neu eröffnete Restaurant, das mit frischer vietnamesischer Küche wirbt. Die Auswahl ist entgegen vieler anderer asiatischer Restaurants wirklich überschaubar, was für die frische Zubereitung spricht. Die Preise sind wirklich ok. Eine nette Idee ist, die meisten Gerichte auch als vegetarische Variante anzubieten und dies auch farblich in der Karte abzusetzen. Wir haben alle gut gegessen und werden sicherlich wiederkommen.",5,12.12.2015
14,Papà Pane di Sorrento,4,237,Italienisch / ,Mitte,2,Fabian S.,"Die Pizzen im Papa Pane di Sorrento war wirklich sehr lecker. Die Karte lässt keine Wünsche offen, welche man bei einem italienischen Restaurant erwartet. Eine Reservierung sollte man grade abends vornehmen. Wir hatten uns spontan für dieses Restaurant entschieden und mussten 10 Minuten auf einen Tisch warten. Das Personal spricht mehrere Sprachen und macht einen freundlichen Eindruck! Gerne wieder",5,2.11.2017
15,Papà Pane di Sorrento,4,237,Italienisch / ,Mitte,2,Catalin-Alexandru E.,"Es ist immer eine Freude in diesem Lokal zu essen. Die Pizzen sind fantastisch, auch wenn man nur bei der Margarita bleibt, meine Lieblingspizza wäre dann die Salami. Die Preise stimmen mit der Qualität, Service ist einzigartig...Auch die Pasta sind sehr lecker und sie kommen immer mit hausgemachten Brot. Vor allem ist Aglio al Olio ein Hit.Das man keinen Platz abends oder am Wochenende kriegt ist ja klar.",5,31.7.2017
16,Papà Pane di Sorrento,4,237,Italienisch / ,Mitte,2,Christoph M.,"Sonntags, 13:45. der Laden ist ziemlich voll, viele Touristen und viele Kinder. Laut ist es.Kaum habe ich den Raum betreten kommt eine weibliche Bedienung und guckt mich an, als wäre ich vom Mond. 5 Sekunden vergehen. Dann die Frage, unfreundlich gestellt: ""Kann ich helfen?"". Keine freundliche Begrüßung, gleich abfertigen! Ich gleich wieder raus, Kunde verloren.",2,29.4.2018
17,Papà Pane di Sorrento,4,237,Italienisch / ,Mitte,2,Christa S.,"Es war zwar ziemlich voll (Freitag abend), wir haben aber einen Tisch bekommen und durften zwei überaus leckere Pizzen essen!Definiv empfehlenswert.",5,11.8.2018
18,Papà Pane di Sorrento,4,237,Italienisch / ,Mitte,2,Marc S.,"Ein lebhaftes Lokal, nicht unbedingt etwas für den Ruhesuchenden bzw. den Gast der romantisch speisen möchte. Dafür gibt es aber eine häufig veränderte Karte mit schmackhaften Spezialitäten der italienischen Küche. Ich liebe Tintenfische, kleine und grosse, gebratene oder geschmorte, warm oder kalt und jedesmal finde ich eine andere Tintenfischspezialität auf der Karte. Dazu ein Glas Primitivo, was will man mehr.",4,2.5.2017
19,Papà Pane di Sorrento,4,237,Italienisch / ,Mitte,2,Marcus L.,"Sehr entspannter, guter Italiener. Großer Raum, wo man gemütlich essen kann auch wenn es mal sehr voll ist. Und das ist es Mittags fast immer. Die Karte bietet alles, was man so erwartet. Mittags gibt es ab fünf Euro Pasta und Pizza aber auch etwas Fleisch und Fisch. Das ist alles sehr appetitlich und kommt meist schnell. Die Portionen angemessen. Nicht jede Pasta ist hausgemacht. Aber gerade die hausgemachten sind ziemlich lecker und ein wenig ab vom Mainstream (also zB sowas wie Orecchiette mit Löwenzahn). Der Espresso für 1,40 ist nach dem Essen ebenfalls schnell gebracht und schon ist der Mittag wieder vorbei. Die Bedienungen sind freundlich, souverän und professionell. Scheint nicht so als ließen sie sich schnell aus der Ruhe bringen. Bei größeren Gruppen kommen schnell mehrere von ihnen und helfen. Sollten sich mal andere Restaurants zum Vorbild nehmen :-)Im Sommer kann man übrigens draußen an der Straße sitzen. Da die Ackerstr. eng ist, kann man sich dann in aller Ruhe anschauen, wie schnell Autofahrer an die Decke gehen, wenn es definitiv kein schnelles Durchkommen gibt. Lustig!!",4,7.1.2015
20,Papà Pane di Sorrento,4,237,Italienisch / ,Mitte,2,Antonia R.,"Eine meiner Lieblingsrestaurants in Sachen Pizza. Immer gut, immer lecker, immer zufrieden.",5,22.7.2017
21,Papà Pane di Sorrento,4,237,Italienisch / ,Mitte,2,Mario L.,"Pizza war kalt, sie kam 5min nach der Bestellung, war wohl ein rückläufer. Wurde nicht nochmal hingehen.",3,8.3.2019
22,Papà Pane di Sorrento,4,237,Italienisch / ,Mitte,2,Andrea L.,"Das war ein Reinfall!Ich war 2x im Papa Pane. Diese beiden Besuche muss ich getrennt bewerten, da sie sich unterschieden wie Tag und Nacht.ERSTER BESUCH ****PROÖhrchennudeln mit Löwenzahn waren sehr leckerNetter ServiceCONTRARecht lautBEWERTUNG4 Sterne **** ////////////////////////ZWEITER BESUCHPROMeine Gesellschaft ... mehr fällt mir echt nicht einCONTRAAlles schwamm in Knoblauchöl. Ich nag Knoblauch... sber weniger als 1 Pfund pro Teller bitte! Meine Nudeln mit Löwenzahn ... sie schmeckten diesmal nur nach Knoblauch. Nach sonst nix. Der Knoblauch war in groben Würfeln in der gesamten Sauce. Bei meiner Begleitung ebenso - ihre Pasta Frutti di Mare und meine schmeckten identisch. Kellnerin hat auf Beschwerde hierzu nicht reagiert, jenseits eines ""Aha, ja schade""BEWERTUNG1 Stern *",2,16.3.2016
23,Papà Pane di Sorrento,4,237,Italienisch / ,Mitte,2,Laura K.,"Dieses Restaurant ist einfach immer voll besetzt, was für mich eigentlich heißt ""hier ist es gut, hier sollte man essen"". Gesagt, getan. :-)Und wir wurden nicht enttäuscht. Leckere Pasta und Pizza zu akzeptablen Preisen. Gerne wieder. :) Und nicht zu vergessen - freundliches Personal.",5,18.3.2016
24,Papà Pane di Sorrento,4,237,Italienisch / ,Mitte,2,Jason M.,"Laut, eng und total voll. Das selbst unter der Woche spät abends mit einer langen Schlange im Lokal. Wohl habe ich mich da nicht gefühlt.Das Essen war aber gut. Auch wenn man es hätte schöner dekorieren können. Genießen konnte ich es aufgrund der hektischen Atmosphäre aber nicht.Bei der Sauberkeit gab es nichts zu bemängeln. Die Toiletten sind auch in Ordnung.Die Bedienung wirkte gestresst - es wäre auch ein Wunder, wenn sie es nicht gewesen wäre - aber sie war trotzdem sehr freundlich und aufmerksam.Alles in Allem nichts für mich.",2,11.3.2017
25,Papà Pane di Sorrento,4,237,Italienisch / ,Mitte,2,Anne S.,"Hallo an alle,das Essen im Papa Pane die Sorrento war wirklich sehr lecker. Die Auswahl auf der Karte kann sich sehen lassen und auch die Speisen an sich waren ausgezeichnet. Das Einzige, was wir an unserem Tisch leider erwischt haben, war ein undfreundlicher Kellner.(Wahrscheinlich genau die eine Ausnahme!) Daher trotzdem eine klare Weiterempfehlung, hier essen zu gehen!Grüße",4,9.8.2017
26,Papà Pane di Sorrento,4,237,Italienisch / ,Mitte,2,Nic W.,"Solide, gleichbleibend zuverlässige Qualität. Sehr sehr gute Pizza. Guter Mittagstisch. Als ich noch um die Ecke wohnte, habe ich dort regelmäßig die leckere Pizza Papa Pane geholt. Und hier am Maybachufer vermisse ich sie.Es ist immer voll da und das Papa Pane besteht aus einem einzigen großen Raum, d.h. es ist wirklich sehr laut. Vor allem abends mir zu laut, um mich mit Freunden am Tisch zu unterhalten.",4,28.10.2015
27,Papà Pane di Sorrento,4,237,Italienisch / ,Mitte,2,Thomas S.,"Ein sehr guter Italiener ... Das Carpaccio war frisch , die Pizza danach sehr lecker. Was ich am besten fand: alle Zutaten sind Italienisch. Die selbst gemachten gefüllten Nudeln meiner Freundin waren ebenfalls der Hammer. Ich verstehe viel vom Essen, aber das war eine andere Liga. Leider nicht von der Menge der Nudeln. ... Zum Personal : nett und freundlich. Jedoch war das Restaurant sehr voll und das Personal war leicht überfordert. Fazit:Geschmack: 5/5Preis/Leistung: 3/5Service: 3/5 Ambiente: 5/5Ich würde jeder Zeit wieder einkehren. Sehr zu empfehlen.",4,8.10.2015
28,Papà Pane di Sorrento,4,237,Italienisch / ,Mitte,2,Felix H.,"Wir hatten reserviert und waren mit einer größeren Gruppe im Papa. Die Bedienung war sehr aufmerksam aber zufrieden waren wir mir ihr nicht. Es wurden Bestellungen vertauscht und falsch aufgenommen. Alkoholfreies Weizen anstatt mit Alkohol und andersrum darf einfach nicht vorkommen. Bei den Essen gab es wieder Unstimmigkeiten über die Bestellungen und das es im Endeffekt serviert wurde. Wahrscheinlich lag es daran, dass eine der Servicekräfte nicht gut Deutsch sprach und uns deswegen nicht so gut verstand.Heute leider keine gute Bewertung für das Papa Pane.",3,12.4.2015
29,Papà Pane di Sorrento,4,237,Italienisch / ,Mitte,2,Achim G.,"Sehr leckere Pizza, schmeckt wie in Italien.Wer großen Hunger hat dem reicht eine Pizza locker. Auch der Antipasti-Teller ist sehr zu empfehlen.",5,25.1.2015
30,Papà Pane di Sorrento,4,237,Italienisch / ,Mitte,2,Arne P.,"Da das Restaurant am Vorabend richtig voll war, ließen wir uns locken und kamen am frühen Abend mal wieder vorbei. Und waren enttäuscht. Das Preis-/Leistungverhältnis kann kaum schlechter sein als hier. Sowohl das Nudelgericht als auch die Pizza waren kaum gewürzt, zumindest konnte man die vollmundig in der Karte angepriesenen Gewürze nicht schmecken. Die entsprechende Anmerkung auf die Frage, ob es geschmeckt hat, wurde vom Kellner mit sichtlichem Desinteresse quittiert.Dafür war es super laut und der weitere Service schleppend.Ehemals In, aber nicht mehr gut.",1,2.6.2018
31,Papà Pane di Sorrento,4,237,Italienisch / ,Mitte,2,Eva S.,"Wir sind seit Jahren treue Gäste dieses Ladens...die Bedingung war immer herzlich...guter Service.Das Personal wechselte und damit die Herzlichkeit.Am heutigen Abend waren wir mal wieder da: der Service hektisch, genervt bis unfreundlich.Den Wein den wir bestellt haben, haben wir nicht erhalten und auf Nachfrage wurde uns mitgeteilt, dass unser Tisch jetzt vergeben war....Ohne Wein und mit unzufriedenem Gefühl verliesen wir den Laden...wir werden dort bestimmt nicht mehr hingehen...schade",2,2.1.2015
32,Papà Pane di Sorrento,4,237,Italienisch / ,Mitte,2,A M.,"Na ja. Obwohl wir reserviert hatten war der Tisch natürlich noch längst nicht fertig und wir durften erstmal warten. Das Restaurant ist prinzipiell überbucht. Die Bedienung war nett aber man musste kämpfen bei den vielen Gästen auch mal ihre Aufmerksamkeit zu bekommen.Das Essen war gut. Der Pizza Boden und die Tomatensoße super, der Belag war leider nur okay, konnte da nicht mithalten.Die Preise passen dazu und waren sehr fair, das muss man sagen.Alles in allem ein ordentliches Restaurant für einen netten Abend",3,13.1.2015
33,Papà Pane di Sorrento,4,237,Italienisch / ,Mitte,2,Stephanie A.,"WOW... Was für ein Laden... Wer 'den gemütlichen Italiener' um die Ecke sucht ist hier vielleicht nicht gut beraten ;), aber wer ne leckere, riesige Pizza essen will, der schon. Die gemischten Vorspeisen sind prima, der Pizzaboden dünn und knusprig. Was will man mehr...? Vielleicht eine Portion Pasta?! Ebenfalls prima, jedenfalls die bestellten Orecchiette. Einziges Manko: ein enormer Geräuschpegel, der einem entspannten Gespräch massiv im Weg steht. Aber wer darauf verzichten kann und möchte, kann hier zu annehmbaren Preisen gut und lecker essen. Die Weinauswahl ist nicht üppig, aber vollkommen in Ordnung.",4,25.11.2014
34,Papà Pane di Sorrento,4,237,Italienisch / ,Mitte,2,Christian K.,Spaghetti mit Meeresfrüchten.Spaghetti mit Meeresfrüchten.Spaghetti mit Meeresfrüchten.Spaghetti mit Meeresfrüchten.Spaghetti mit Meeresfrüchten.Spaghetti mit Meeresfrüchten.Spaghetti aglio e olioSpaghetti mit Meeresfrüchten.Spaghetti mit Meeresfrüchten.Spaghetti mit Meeresfrüchten.Sbaghetti aglio e olioSpaghetti mit Meeresfrüchten.Spaghetti mit Meeresfrüchten.Spaghetti mit Meeresfrüchten. Aperol Sprizz. 5,5,9.2.2012
35,Papà Pane di Sorrento,4,237,Italienisch / ,Mitte,2,Jula R.,"Das Papà Pane ist eigentlich immer voll und anfangs gefiel mir der Laden. Die Pizzen sind lecker und bezahlbar.Leider scheint der tägliche Ansturm an Gästen eine gewisse Überheblichkeit bei den Kellern auszulösen. Bei Sonderwünschen reagiert man hier absolut unflexibel: Die schlichte Bitte, eine Zutat wegzulassen, wurde ausgeschlagen. Ausserdem kommt es gar nicht gut an, nach dem Essen noch länger sitzen zu bleiben und somit einen Tisch zu blockieren. Mein Fazit: Pizza und Location in Ordnung, Service flop. Da gibt es wirklich nettere Läden in Mitte.",2,21.5.2010
36,Papà Pane di Sorrento,4,237,Italienisch / ,Mitte,2,Moritz W.,Der Laden bewirbt sich mit seinen sehr leckeren Pizzen definitiv um einen der vordersten Plätze in Berlin in dieser Disziplin! !!Die kleinen oktopusse waren eher durchschnittlich und die Pasta auch nur so ok...aber die Pizzen waren top!!!der service auch sehr freundlich! !!,5,12.5.2014
37,Papà Pane di Sorrento,4,237,Italienisch / ,Mitte,2,Anh V.,"Wir waren mit 7 Personen an einem Montag Abend vor Ort.Der Laden war sehr gut besucht, jedoch war die Wartezeit extrem.Die Kellner liefen an einem Vorbei und es dauerte ca. 8-10 Minuten bis wir einen Tisch bekamen.Wir wurden an einem Runden Tisch geleitet, dort wurde uns zeitnah die Karte gereicht.Jedoch bis zur Bestellung vergingen mindestens weitere 15 Minuten bis wir dann die Bedienung riefen.Ich hatte die Pizza Scampi, die vom Geschmack Fabelhaft war!Der Teig ist unbeschreiblich gut, die Qualität schmeckt man hier.Mir schmeckte ( Persönlich ) der rote Pfeffer nicht ( fliesst natürlich NICHT in die Bewertung ein ).Der Laden sah sauber aus.Bedienung leider sehr hektisch und unaufmerksam weshalb es hier einen Punktabzug gibt.Wartezeit für die Pizza war ebenfalls total akzeptabel für die Belastung.Ich würde den Laden zwar wieder aufsuchen wenn ich in Berlin bin, jedoch sollte sich im Puncto Service bisschen Verbesserung reinkommen.Sternabzug erfolgt durch die Bedienung.",4,14.8.2014
38,Papà Pane di Sorrento,4,237,Italienisch / ,Mitte,2,Adrian P.,"Wir haben hier an einem Sonntag Abend Pizza gegessen und waren sehr zufrieden mit dem Service und dem Essen!Das Restaurant war sehr, sehr voll und trotzdem blieben die Kellner sehr nett und freundlich! Auch die Pizzen waren sehr lecker und haben, wie beim guten Italiener erwartet, nach Italien- Urlaub geschmeckt. Sie waren etwas hochpreisiger, aber mit ca. 9€ auch nicht überteuert. Durch die Größe des Raumes und der Menge an Menschen, war es jedoch wirklich sehr laut, wir kamen allesamt heiser aus dem Restaurant heraus, da man so laut sprechen musste. Auch Kritik gibt es für die recht lange Wartezeit auf das Essen von knapp über einer Stunde. Diese beiden Punkte ergeben einen Stern Abzug.Da jedoch das Essen und die Bedienung trotz allem wirklich gut war, immer noch sehr gute 4 Sterne. Und gerne wieder!",4,25.4.2016
39,Papà Pane di Sorrento,4,237,Italienisch / ,Mitte,2,Bernhard S.,"Die geniale Lage, das angenehme junge Publikum in Mitte führen mich regelmäßig hierher. Verschiedene Pastas und immer neue Pizzas variiert nach Jahreszeit und sind originell und köstlich. Gute, sehr gute italienische Küche in der wunderbaren Kulisse der Markthalle. Die herzliche Atmosphäre einer quirligen italienischen Trattoria. :-)",5,26.1.2014
40,Papà Pane di Sorrento,4,237,Italienisch / ,Mitte,2,Wolfgang S.,"In den vergangenen Jahren mein Lieblingsitaliener in Berlin. Super Essen und sehr schönes Ambiente Beim letzten Besuch: welker Mini-Beilagensalat für 5,50. Durchschnittlichste Pizza. Pasta meiner Begleiterin war auch nicht besser. Darauf angesprochen reagierte das Personal mit Schulterzucken. Da fügen sich dann die Plastiktischdecken, die es seit neuestem gibt, ganz gut ein. Fazit: muss man nicht mehr hin, jeder beliebige andere Italiener tuts auch.",3,2.1.2016
41,Papà Pane di Sorrento,4,237,Italienisch / ,Mitte,2,Roland B.,"Ist meist gut besucht und so dachte ich, probieren wir es mal.+ Direkt neben der AckerMarkthalle. Sitzplätze innen und draußen.+ Personal brachte schnell die Karte+ Es gab viel Auswahl an Pizza die dann auch schnell kam und lecker schmeckte. Doch dann dass, als ich fertig war, wurde schnell abgeräumt und dann wurde ich vergessen. Ich wartete ca 10 min und der Kellner unterhielt sich mit vielen anderen Italienern und  hatte mich doch glatt vergessen.  Schön, ich ging auf das WC. Ich wollte nun am Thresen bezahlen. Niemanden viel meine Bestellung ein und man hielt mich für einen anderen Tischgast.. ( es waren mit mir nur ein pärchen im Laden) Der Chef kam persönlich zum abzukassieren und nach langem Preisrätzelfragen zahlte ich ohne Trinkgeld.Schlechter Service und unfähiges Personal.Sterne sind für das Essen.Nicht wieder.",2,7.8.2013
42,Papà Pane di Sorrento,4,237,Italienisch / ,Mitte,2,Maximilian T.,"Aufgrund der Empfehlung des TripAdvisor haben meine Freunde und ich uns auf den Weg in das Papá Pane gemacht. Schon beim Ankommen merkte man, dass alles etwas hektisch zuging.Aber diese Situation kennt man ja generell in einem Bezirk wie Mitte. Beim Hereinkommen, was sich schon aus Platzgründen als mehr als schwierig erwies, ließ man uns ganze 5 Minuten stehen, bis sich jemand herabließ, uns zu unserem wohlgemerkt ""reservierten"" Tisch zu bringen. Mal abgesehen davon, das man uns noch einen Spruch hinterherrief wie ""ihr seid aber 20 Minuten zu spät"" ließen wir unsere Reservierung im Restaurant fallen und setzten uns an einen der Tische draußen, da es im Inneren doch sehr eng, extrem stickig und sehr laut war. Schon bei der Frage, ob wir uns nach draußen setzten könnten, warf man uns einen schrägem Blick zu, als sei es unerwünscht draußen zu sitzen. Naja, wie gesagt, ohne großen Wortwechsel sind wir dann einfach in Eigeninitiative nach draußen gegangen und haben uns dort einen, wie wir anfangs dachten, schönen Platz gesucht. Dann begann das lange Warten. Wir haben 10 Minuten gewartet bis dann endlich jemand kam um uns zwei Karten zu bringen (wohlgemerkt eine dritte Karte wäre nicht schlecht gewesen, da wir immerhin zu dritt dort waren). Zu dem Zeitpunkt war die Sonne bereits weg und der kühle Wind sorgte schon für den ein oder anderen Gedanken wieder ins Restaurant zu gehen. Aber wir verharrten auf unserer Position. Nach weiteren 10 Minuten kam dann eine Bediengung (wohlgemerkt eine andere) um unsere Bestellung aufzunehmen. An sich war das Bestellen kein großes Ding, aber es ist doch sehr merkwürdig, das ein Restaurant mit italienischem Flair keine Spaghetti Carbonara im Angebot bzw. auf der Abendkarte hatte. Also wurde kurzfristig umdisponiert und man wich auf Pizza aus. Nach einer weiteren viertel Stunde kam die bisher freundlichste Bedienung des Abends. Sie vergaß aber mehrmals uns noch Wassergläser zu bringen. Dann kam endlich unser Essen. Sowohl die Vorspeise als auch der Hauptgang waren geschmacklich ein Genuss. Zu diesem Zeitpunkt war es dann doch schon recht kühl, dementsprechend wurden die Gerichte, bei denen man aufgrund der Größe doch die ein oder andere Pause einlegen musste sehr schnell kalt. Eines sei an dieser Stelle anzumerken:Wenn man als einigermaßen gutes Restaurant mit- bekommt das es draußen kälter wird und sogar Fastfoodketten wie Subway einem bei kaltem Wetter Decken anbieten, wäre es ja wenigsten mal höflich gewesen zu fragen ob wenigstens der weibliche Teil an dem Tisch vielleicht eine Decke haben möchte, nur so als kleine Tipp für die Zukunft.Zu Zahlen wurden wir hier nicht gedrängt wie das vielleicht bei dem ein oder anderen Rezipienten vielleicht der Fall gewesen ist, da man uns draußen einfach größtenteils ignorierte. Unsere Getränke waren schon leer und wir wurden nicht gefragt ob wir vielleicht noch etwas trinken möchten oder ob wir vielleicht etwas warmes zu trinken haben möchten.Im Resumé:+  Essen +  Kartenzahlung war möglich entgegen aller negativer      Kritik in diesem Punkt -   alles andere drum herum P.S.: Liebes Papá Pane Team,Es ist wirklich nicht schwierig zu fragen ob man noch weitere Getränke haben möchte. Wenigstens das wäre ein Zeichen dafür, das euch die Gäste auch nur im geringsten Ansatz interessieren würden. Und uns dermaßen lange warten zu lassen kann man hier in dem Fall mehr als persönliche Beleidigung entgegen nehmen als das es naja mehr oder weniger Pech wäre.Zwei Sterne gibt es daher  nur für die Qualität des Essens. Wer also ein einigermaßen gutes Essen haben will, dem sei zu empfehlen das Essen  ""to go"" zu bestellen. Wer aber einen schönen und ruhigen Abend in guter Atmosphäre verbringen will, sollte eventuell ein anderes Restaurant aufsuchen, in dem auf den Gast als Individuum  noch wert gelegt wird.",2,2.5.2015
43,Papà Pane di Sorrento,4,237,Italienisch / ,Mitte,2,Rilinel N.,"Vorweg: Wem es ausschließlich ums Essen geht ist hier gut beraten. Wer aber einen netten, gemütlichen Abend mit schöner Atmosphäre verbringen will: Auf gar keinen Fall! Das Personal ist fast durchgehend unfreundlich und überheblich - und dessen ist es sich auch bewusst. Extrawünsche? Da muss man schon mal mit Augenrollen rechnen. Wir haben tausend Dinge dort schon erlebt, die einen einfach nur ärgern. Neulich mussten nach einer halben Stunde unseren Tisch mit dem dreckigem Geschirr selbst abräumen. Wir kommen selbst aus der Gastro und sind immer nett zum Personal aber wir haben nie etwas anderes erlebt. Da wir direkt nebenan wohnen kommen wir manchmal nicht an Papa Pane vorbei. Wir holen das Essen jetzt aber nur noch ab. Der Service hat uns schon zu oft den Abend verdorben.Aber wie gesagt: Das Essen ist lecker.",2,8.2.2015
44,Papà Pane di Sorrento,4,237,Italienisch / ,Mitte,2,Daniel R.,"War letztens auf Empfehlung eines Bekannten da. Sehr gemütliches Ambiente, super Essen und eine riesige Auswahl an gutem Wein. Die Bedienung sehr nett und zuvorkommend.Sehr zu empfehlen.",5,30.10.2015
45,Papà Pane di Sorrento,4,237,Italienisch / ,Mitte,2,Patrizia P.,Es ist sehr laut und man muss manchmal etwas länger warten. Aber das Essen ist super und der Service ist auch sehr nett!,4,5.6.2018
46,Papà Pane di Sorrento,4,237,Italienisch / ,Mitte,2,Doreen K.,"Absolute Lieblingspizza! Der Teig ist perfekt, der Belag auch immer top und die Preise in meinen Augen dafür human. Wir nehmen mittlerweile die Pizza mit nach Hause, weil das Lokal eher Bahnhofshallen-Charakter hat und die Akustik so anstrengend ist, dass es gemütlicher ist, die Pizza zu Hause zu verspeisen. Aber wen das nicht stört, wird freundliches Personal vorfinden und einen netten Abend verbringen können. Plätze reservieren ist keine schlechte Idee, gerade wenn man in größerer Zahl anrückt! Angeblich kann man hier ja ab und an auch auf Stars wie Quentin Tarantino oder Brad Pitt treffen ist mir jetzt leider noch nicht passiert, aber ich halt die Augen weiterhin offen. Apropos Tarantino, wer danach noch Lust auf einen Cocktail hat, schlendert einfach weiter zur Tarantino Bar (qype.com/place/111126-Ta…) .",4,27.12.2012
47,Papà Pane di Sorrento,4,237,Italienisch / ,Mitte,2,Unknown,"Leckere italienische Küche in nettem Ambiente.Aber: nach der Vorspeise passierte 45 Minuten gar nichts. Und wir hatten nur ne Pizza bestellt. Bei jeder Nachfrage hieß es "" die Pizza kommt gleich "".Dafür ziehe ich 2 Punkte ab. Einen Punkt weniger gibt es dafür, das man nicht mit Karte zahlen kann. Ist für mich in der heutigen Zeit unbegreiflich, vor allem für Berlin.",2,9.6.2013
48,Papà Pane di Sorrento,4,237,Italienisch / ,Mitte,2,Fanny F.,Freundlicher Service. Ambiente ist ok. Leider gab es nur Pizzen und nicht die Pastagerichte aus der Karte. Geschmacklich in Ordnung aber nicht herausragend. Preise etwas gehobener.,2,10.10.2014
49,Papà Pane di Sorrento,4,237,Italienisch / ,Mitte,2,Chantal H.,"Freitag abend haben mein Freund und ich die Pizzeria getestet.Die Pizza in dieser Pizzeria hat wirklich klasse geschmeckt und war groß genug. Bei den Preisen kann man auch nicht meckern finde ich. Noch ein Pluspunkt ist,dass die Küche offen ist und man alles sehen kann.Was mir aber nicht so gut gefiel und was auch andere User hier schon erwähnten ist, dass es dort recht laut ist und hektisch. Die Bedienung war immer in Eile aber freundlich zu mir und meinem Freund. Wir hatten an dem Tag nicht reserviert aber hatten noch das Glück einen Platz zu bekommen, obwohl es richtig voll war. Reservieren sollte man besser. ^_^",4,4.12.2010
50,Papà Pane di Sorrento,4,237,Italienisch / ,Mitte,2,Dietmar K.,"Eine Top Pizzeria in Super Lage. Das essen war bisher jedesmal ausgezeichnet, die Stimmung im Lokal und die Freundlichkeit des Service hat überzeugt.Egal was man isst, bisher hat es mir immer geschmeckt und gefallen.",5,6.10.2011
51,Papà Pane di Sorrento,4,237,Italienisch / ,Mitte,2,Konz K.,"Vor 17.30Uhr konnten wir nur Pizza bestellen. Ok. Da wir dann auf anderen Tellern sahen, dass diese sehr dunkel aussahen, bestellten wir eine Pizza mit der Bitte diese nicht zu Dunkel werden zu lassen. Leider war die Pizza entgegen unserer Bitte sehr dunkel. Nicht nur der Rand auch der Boden war teilweise schwarz und schmeckte bitter . Da wir auch mit dem recht sprachlosen Personal nicht wirklich zufrieden waren, haben wir entsprechend weniger Trinkgeld gegeben. Daraufhin hielt der Kellner es nicht mehr für nötig mit uns zu sprechen und sich nichtmal mehr zu verabschieden. Schlechter Service, schlechtes Essen, nie wieder!",1,4.8.2014
52,Papà Pane di Sorrento,4,237,Italienisch / ,Mitte,2,Georg V.,"Wenn sich selbst der olle Quentin dort die Ehre gegeben haben soll (ist ja auch nur 300 Meter vom Tarantinos entfernt harhar), dachte ich das Etablissement auch mal beehren zu müssen.Pizza sehr gut! Boden leicht und locker, dennoch bissfest. Tomatensauce schmeckt nach Tomate. Der Parmaschinken hat nicht ganz so viele Geschmacksverstärker. Rucola reichlichst (wer drauf steht).Markthallenflair, die weißen Fliesen blitzen aus der offenen Küche, Kellner rennen auch einige rum, die einen aber auch gerne übersehen oder beim Essen den Tisch wieder abdecken (Öl, Besteckteller etc.). Im Hintergrund kam anfangs leise aber hörbar Drum 'n' Bass!!! (WTF).Kann man, muss man aber nicht fünf Sterne für geben. Ich machs trotzdem. Warum? Weils einfach gepasst hat und es nichts bis wenig zum maulen gab.",5,25.9.2012
53,Papà Pane di Sorrento,4,237,Italienisch / ,Mitte,2,Thea W.,"Mein erster Eindruck vom Papa Pane in der Ackerstraße: wirkt einladend, da dort echt immer was los ist, wenn ich vorbeilaufe. Und wer geht schon gerne in ein leeres Restaurant?Fazit: Hier gibt's super Pizza (mein Favorit: Parmaschinken) zum fairen Preis. Aber da es vor allem abends tatsächlich immer ziemlich voll ist am besten vorher anrufen und einen Tisch reservieren. Insgesamt ist das Ambiente eher schlicht, es fehlt ein wenig Gemütlichkeit.Und der größte Wermutstropfen: Pizza-Sharing mit der besten Freundin geht leider nicht, Begründung: Pizzabäcker ist sonst überfordert. Außerdem ist keine Kartenzahlung möglich.",2,18.5.2010
54,Papà Pane di Sorrento,4,237,Italienisch / ,Mitte,2,Hendrik T.,"Ich habe hier auch schon total unterschiedliche Erfahrungen gemacht. EInmal war alles super cool. Super Service. Nicht zu voll. Keine Frage leckere Pizza. Wir kamen gerade aus einer Austellungseröffnung und konnten unsere kreativen Gedanken gleich auf den Papiertischdecken umsetzen, da wir von der Bedienung Stifte bekommen haben. Sonst nur für Kinder, aber wir haben wohl einen ziemlich infantilen Eindruck gemacht. Super Abend.Dann aber auch mal schlechte Erfahrung gemacht. Wir hatten nicht reserviert, aber das ganze Lokal war bis auf zwei andere Tische leer. Wir wollten auch nicht lange bleiben. Hätte meiner Meinung nach zeitlich locker gepasst. Wir haben nur einen Tisch neben der Tür bekommen, da zog es wie sau. War im Winter. Unsere Stimmung war vermiest und das zog sich durch den ganzen Besuch. Als wir gingen war der Laden immer noch leer. Danach war ich jetzt nicht mehr hier.",3,21.5.2010
55,Papà Pane di Sorrento,4,237,Italienisch / ,Mitte,2,Lisa S.,"Wow, was für eine Pizza! Die ist riesengroß, augenscheinlich eher eine Portion für zwei Personen. Allerdings ist sie so knusprig, dünn und lecker, dass man sie dann doch alleine essen möchte. Ich komme mir gerade vor, als präsentiere ich die neuste Pizza eines Fernsehspots. Trotzdem, ich habe tatsächslich selten so gute  gegessen und dazu noch in so vornehmer Location.Wäre es nicht ein geschäftliches Essen gewesen, hätte ich die Pizzeria wohl gar nicht kennen gelernt. So hatte ich einen guten Grund. Das Ambiente ist edel  und schlicht, das Lokal war voll bis auf den letzten Platz, dass Essen aber trotzdem relativ schnell am Tisch. Die Bedienung war aufmerksam und gegen die Pizzapreise lässt sich wirklich nichts einwenden. Das Geld wird wohl eher mit den Getränken gemacht...Nur draußen sitzen kann man meines Wissens nicht, schade eigentlich.",4,9.6.2010
56,Papà Pane di Sorrento,4,237,Italienisch / ,Mitte,2,Unknown,"Amore! ich liebe diese Pizzeria! Hab das Glück das meine Wohnung direkt um die Ecke liegt undi ch daher nach gerade mal 5 min. vor Ort um am Tisch bin.Die Stimmung ist toll. Der Service klasse. Pizza 1A. Pasta ebenfalls. Der Raum ist eher Zweck als das er der Atmosphäre dient, aber man istg ja auch zum Essen hier.Ich konzentriere meinen Blick immer auf den Teller ;)Ich empfehle: Pizza Prosciutto Crudo & Ruccola und ausserdem lege ich jedem nah einmal das traumhafte Tiramisu zu probieren. Das luftigste das ich bis dato gegessen habe.Bin hier eigentlich immer ab 20.00 wenn ich in Berlin bin und nix anderes zu tun ist.",5,3.5.2008
57,Papà Pane di Sorrento,4,237,Italienisch / ,Mitte,2,Unknown,"Kenne das Pane vom ersten Tag. Die haben damals ganz still und leise angefangen, es war der 3. Laden in derselben Straße. Seinerzeit arbeitete dort der Italienische Pizza-Meister in der Kategorie ""Geschmack"". Er erzählte was von vielen Mehlsorten in seinem Teig und hatte auch immer einen Spielteig, mit dem er die Kinder und die Kind gebliebenen Gäste unterhielt (Ballons blasen, fliegende Untertassen durch die Luft wirbeln und so...). Das ist lange vorbei. Ob der Maestro noch dort tätig ist, weiß ich gar nicht und ob die Story mit dem Meistertitel überhaupt stimmte auch nicht. Die Pizza ist zumindest nach wie vor eine der besten der Stadt. Geschmack sehr super, Preis Leistung auch (z.B. 6,50 EUR). Es ist zwar nicht die Riesenauswahl wie im Due Forni, aber im Pane ist es etwas filigraner, etwas liebevoller und die Zutaten sind etwas besser. Dort spricht man vom Forni gerne von Fabrik (da ist was dran, so lecker es auch im Forni ist). Die Pizzen gehen mit 6 Sternen durch. Die Pasta und die Vorspeisen sind auch sehr gut. Eigentlich ist das Pane ein 5 Sterne Fall. Dringend ABRATEN kann ich nach über die Jahre verteilten 3 Versuchen vom Entrecote. Das ist ja wohl unterirdisch. Mir ein völliges Rätsel, wie man in einem Laden, der ansonsten in der Küche was drauf hat, so einen Schund servieren kann? Gestern hatte ich's doch noch mal gewagt. Die Strafe war ein zähes, geschmacklich fast neutrales, im Kern zu rohes (fast rare obgleich medium bestellt) und auf 4 cm eingeschnittenes (DER unerfahrene KOCH MUSSTE GUCKEN, WIE WEIT ES SCHON IST  ein absolutes TABU!!!) Entrecote, bei dem das Fett nicht gar war. Ich habe nach einigem Kampf mit dem Messer 2/3 zurück gehen lassen und nicht mal eine Frage, ob irgendwas nicht in Ordnung gewesen wäre, beantworten dürfen. Schade. Schlecht. LIEBES Papa Pane Team: geht bitte mal gemeinsam (und nehmt den Koch mit!) als Betriebsausflug in einen anderen durchschnittlichen Italiener: z.B. Mondo Pazzo in der Schlüterstrasse und bestellt dort ein überragendes Entrecote: gutes Stück Fleisch, kross gegrillt, innen wie bestellt, von rare bis well, Fett immer gar, klasse gewürzt. Ihr könnt hier noch eine Menge lernen! Ansonsten: Preise sind sehr vernünftig, bis sehr preiswert, vor allem die Getränkepreise sind fair. Oft wird ja gerade hier das Geld verdient. Laden immer sehr voll, unbedingt reservieren. Laden immer sehr laut, kann nerven - nix zum lange Verweilen. Trotz Super-Stress Personal noch ok. Dort zu arbeiten ist ""Kampf"". Eigentlich eine 5*** Pizzeria. Durch den Totalausfall beim Fleisch nur 4**. Da ich das ja nun weiß, betrachte ich Papa Pane einfach in Zukunft als reinen PizzaMan, so nennen ihn auch die Kinder Und: macht bitte mal den Betriebsausflug",4,19.5.2010
58,Papà Pane di Sorrento,4,237,Italienisch / ,Mitte,2,Unknown,"Mir wurde es als die beste Pizza in Berlin bezeichnet. Ich kann es nicht bejahen aber auch nicht verneinen, denn ich habe nicht alle probiert. Aber ich habe hier fast alles auf der karte probiert und alle schmecken!Freundliche Bedienung, Reseriverung benötigt.",5,10.7.2012
59,Papà Pane di Sorrento,4,237,Italienisch / ,Mitte,2,Thorsten A.,"Das war mal eine der angesagtesten Pizzerien in Mitte, steht aber inzwischen in zu vielen Reiseführern. Jedenfalls ist der Service arrogant und behäbig geworden: Bedienung dauert eine Ewigkeit, und dass ein Restaurant kostenloses Leitungswasser verweigert haben wir noch nie erlebt. Zusammen mit der ohrenbetäubenden Lautstärke und dem Charme eines Bahnhofsrestaurants gibt es eigentlich keinen Grund mehr, wiederzukommen. Und gute Pizza gibt es auch woanders.",2,24.9.2017
60,Papà Pane di Sorrento,4,237,Italienisch / ,Mitte,2,Marco T.,"Die bis dato beste Pizza (ai formaggi), die ich in Berlin gegessen habe :-) Der Pizzateig war flaumig und weich, kein bisschen verbrannt und die Käse nicht zu viel und nicht zu wenig und von guter Qualität, die Bedienung freundlich. Das Angebot an offenem Rotwein reduzierte sich auf eine einzige Sorte, die jedoch von guter Qualität war. Ein paar offene Rote könnten in einem Lokal dieser Größe schon sein, Flaschenweine gibts reichlich. Das Lokal ist hoch und groß, das vermittelt eine offene, großzügige Atmosphäre, auch die Portalfenster unterstützen den Eindruck. Wir haben uns wohl gefühlt und werden und werden wieder hin gehen.Mittlerweile waren wir als Familie ein weiteres Mal da, der Eindruck des ersten Besuches hat sich bestätigt. Qualität der Speisen und des Service war schwer in Ordnung.",5,19.1.2013
61,Papà Pane di Sorrento,4,237,Italienisch / ,Mitte,2,Unknown,"Da mir das Restaurant wärmstens empfohlen wurde, war ich echt enttäuscht. Der Service arrogant und unaufmerksam (vielleicht soll das zu einem echt italienischen Ambiente beitragen?), die Vorspeise total versalzen, die Pizza schmeckte dagegen nach gar nichts (oder waren meine Geschmacksnerven noch im Salzkoma?), das Dessert war gut, der Wein ok, der Espresso furchtbar.wird sicher nicht mein neuer Lieblingsitaliener",2,28.12.2007
62,Papà Pane di Sorrento,4,237,Italienisch / ,Mitte,2,Hans M.,"Ja, der Laden ist toll. Das Carpaccio war ein Gedicht und meine Dorade war ein echter Knaller, zumal es endlich mal wieder einen Italiener gibt, der mit Gewürzen umgehen kann. Die Pizza meiner Begleitung wurde als sehr lecker bewertet (was also 5 Sternen entsprechen würde). Alles in allem ein klasse Italiener, der sehr zu empfehlen ist. Einen Heiratsantrag hier zu machen ist aufgrund der Geräuschkulisse sicher die falsche Idee, auch Bares sollte man dabei haben, da hier keine Karten akzeptiert werden.Ansonsten steht aber einem netten und kulinarisch gelungenem Abend nichts im Wege!",4,5.2.2008
63,Papà Pane di Sorrento,4,237,Italienisch / ,Mitte,2,Sebastian W.,Beste Pizza. Hammer geil. Super dünner Boden. Riesen Durchmesser der Pizzen - sicher irgendwas 35+ Zentimeter. Die Zutaten auf den Pizzen machten auch einen guten Eindruck. Der (rote) Hauswein kann sich sehen lassen und für den Preis auf jeden Fall ein gutes Add-On :) Nette und aufmerksame Bedienung. Schlichtes modernes Ambiente - total mein Geschmack. Das Tiramisu ist verbesserungsfähig - leicht untypisch mit viel Sahne und zu fester Creme. Zu wenig Kaffee-Aroma.,5,11.10.2008
64,Papà Pane di Sorrento,4,237,Italienisch / ,Mitte,2,Unknown,"Habe hier viele negative und positive Beiträge gelesen.Pizzeria Papa Pane di Sorrento ist eig. gut und andererseits auch schlecht, es kommt auf dem Geschmack an, was man lieber essen will.Entweder was dünnes knuspriges oder etwas dickes knuspriges.Meiner Meinung nach sind die Pizzas dort nicht so mein Geschmack aber meine Schwester findet sie lecker da sie hart und knusprig sind :)",5,29.12.2008
65,Papà Pane di Sorrento,4,237,Italienisch / ,Mitte,2,Unknown,"Laut Eigenaussage der zweitbeste Italiener der Stadt. Das ist natürlich ein hoher Anspruch :) Das Essen ist in der Regel wirklich gut, und auch die laute und hektische Atmosphäre in dem hellen, hallenartigen Resaturant kann man lieben lernen (immerhin bekommt man dort neben dem Essen immer etwas geboten). Für einen romantischen Abend zu zweit (oder wenn man lieber ungesehen bleiben will) sollte man aber eventuell ein etwas lauschigeres Restaurant aufsuchen. Der Sevice ist leider etwas schwankend. Von italienischer Herzlichkeit (um mal ein Klischee zu bedienen) haben wir nie viel gespürt, es war eher ruppig-routiniert. Alles in allem kann ich das Restaurant guten Gewissens weiterempfehlen!",4,23.12.2009
66,Papà Pane di Sorrento,4,237,Italienisch / ,Mitte,2,Dirk E.,"Schon vielfach und vor längerer Zeit wurde mir dieses Lokal empfohlen. Irgendwie habe ich es aber nie geschafft hinzugehen. Ich könnte mich ärgern, dass ich erst heute da war. Leider hatte ich nur wenig Zeit. Schnell eine Pizza und ein Bier. Meine Begleitung hatte Nudeln. Als wir ankamen, hatten wir schon Angst, keinen Platz zu bekommen, denn es wartete bereits eine kleine Schlange. Wir wurden freundlich begrüßt und um ein bisschen Geduld gebeten. Wir entschieden uns, vor der Tür bei einem Bier zu warten. Noch bevor das serviert wurde, winkte man uns schon wieder herein. Recht flott stand auch schon das Essen vor uns. Und es war wirklich klasse. Die Pizza genau so, wie ich sie am liebsten mag: mit dünnem Teig, der nicht mal beim letzten Happen matschig war. Geschmacklich auch klasse. Fast noch besser fand ich die Nudeln meiner Begleitung - eine wirklich tolle Geschmackskomposition aus Ricotta, Steinpilzen, Walnußpesto, karamellisierten roten Zwiebeln und Heidelbeeren auf dicken handgemachten Nudeln. Irre gut. Und mit Sicherheit nicht teuer. Gerade in Mitte. Insbesondere im Vergleich zu anderen Läden dieser Qualität. Der Service war genauso, wie ich ihn beim Italiener seit je her liebe. Sehr familiär, warm, freundlich und immer mit einem Späßchen zur Stelle. Wirklich ein Laden zum regelmäßig hingehen.",4,31.3.2010
67,Papà Pane di Sorrento,4,237,Italienisch / ,Mitte,2,Manu D.,Ohne viele Worte ! Einfach nur 5 Sterne !,5,17.7.2011
68,Papà Pane di Sorrento,4,237,Italienisch / ,Mitte,2,Bernd M.,"Sehr lecker, der weite Weg lohnt sich.................",5,12.12.2014
69,Papà Pane di Sorrento,4,237,Italienisch / ,Mitte,2,Trevor R.,"- Die Pizza hatte die Hälfte der angegebenen Zutaten nicht und war weit davon entfernt, als beste Pizza Berlins gelten zu können.- Das Risotto hatte überhaupt keinen Geschmack und eine merkwürdige, für Risottos unübliche Konsistenz.",2,3.5.2014
70,Papà Pane di Sorrento,4,237,Italienisch / ,Mitte,2,Unknown,"Uns wurde das Restaurant von Einheimischen empfohlen. Die Ambiente ist klasse. Zwar sehr voll, aber so muss das beim Italiener sein. Die Portionen sind monströs aber schaffbar und super lecker. Ich werde da auf jeden Fall nochmal vorbeischauen und sehr empfehlenswert. Die Bedienung war auch sehr freundlich und effizient. Falls man dahin geht, sollte vorher reserviert werden.",5,22.10.2013
71,Papà Pane di Sorrento,4,237,Italienisch / ,Mitte,2,Unknown,"Das Papà Pane finde ich einfach nur unglaublich. Die Pizzen sind unfassbar lecker (mit der Pizza des Tages kann man im Grunde nie was falsch machen und probiert so auch mal Dinge aus, die man sich sonst wohl kaum bestellt) und für die Ausmaße wirklich günstig.Pasta und Vorspeisen sind ebenfalls lecker, ich könnte nicht sagen, dass mir da etwas nicht geschmeckt hat. Auch der offene Rotwein war in Ordnung.Abends kommt man in größeren Gruppen ohne Reservierung nicht zu einem Platz, selbst zu zweit muss man ggf. anstehen, auch nach zehn (am WE).Der Speiseraum ist ewig hoch und vollgestellt mit Tischen. Dadurch herrscht eine lebhafte Atmosphäre; für einen romantischen Abend zu zweit also eher ungeeignet.Das Personal ist freundlich und aufmerksam - da gibt's nix zu meckern. Man speist auf einer Papiertischdecke, aber hey - bei dem Verkehr ist das nur umweltgerecht",5,3.2.2008
72,Papà Pane di Sorrento,4,237,Italienisch / ,Mitte,2,Unknown,"Das beste Italienische Restaurant in dem ich bis jetzt war.Dort bekommt man noch ne richtig leckere selbstgemacht Italienische Pizza für den normalen bis guten Geldbeutel. An Unterhaltung mangelt es dort auch nicht, wenn man dort abends gemütlich bei einem schönen glas wein und einer guten Pizza sitz kann es schon mal passieren, dass der Pizzabäcker aus seiner Küche kommt und den Teig durch den Saal schleudert. Einfach hammer dieses Kunstwerk. Was ich auch noch sagen muss ist, dass die Bedienungen nicht nur eine Augenweide sind sonderen auch richtig nett und zuvorkommen. So wie man es sich vorstellt. Also beim nächsten Heißhunger auf Pizza ab nach Mitte in die Ackerstraße und einfach verwöhnen lassen.Guten Hunger!!! :-))",5,21.4.2008
73,Papà Pane di Sorrento,4,237,Italienisch / ,Mitte,2,Regine F.,"Die Pizza ist einfach unschlagbar - insbesondere die Variante 'Papa pane'. Auch die Nudelgerichte und Vorspeisen sind lecker. Zum Nachtisch habe ich es noch nie geschafft Leider ist die Atmosphäre weder gemütlich und romantisch, sondern meist laut und unruhig. Ohne Reservierung muß man oft warten (mit Reservierung manchmal auch, aber bisher noch nie sehr lang). Der einzige echte Minuspunkt ist allerdings, daß man die Rechnung nur mit barer Münze begleichen kann. Trotz allem: die Pizza ist einen Besuch wert!",4,13.10.2008
74,Papà Pane di Sorrento,4,237,Italienisch / ,Mitte,2,Unknown,"Wir gehen immer wieder gerne zu papa pane di sorrento. Sowohl die Pizza (schön dünn, knusprig und verhältnismäßig groß), also auch die Pasta-Gerichte, die wir bis jetzt probiert haben, waren sehr lecker!Wichtig: Am Wochenende sollte man reservieren.",4,4.1.2009
75,Papà Pane di Sorrento,4,237,Italienisch / ,Mitte,2,Unknown,"Pizzas ok, entrecotes von Charolais supaa, gut preis qualität ins gesamt, ...der service, naja je nachdem wer da arbeitet",4,1.5.2009
76,Papà Pane di Sorrento,4,237,Italienisch / ,Mitte,2,Sebastian H.,"Die Pizza ist in Berlin ganz weit vorne, und das vor allem wegen der meist sehr kreativen Tagespizza der ""Pizza del giorno"".Bisher war das bei mir immer eine Pizza bianca also ohne Tomatensoße. Ich kann mich noch an eine sehr leckere Variante mit frischer Mango, Schwertfischcarpaccio und Walnüssen sowie weiteren frischen Zutaten erinnern - wobei der Schwertfisch erst nach dem Ofen auf die hieße Pizza gelegt wurde und somit noch leicht glasig war - oberlecker!!!Natürlich ist der Laden laut und nicht besonders gemütlich, aber da die Pizza sieben Sterne wert ist kann man ja fürs Ambiente wieder zwei abziehen.Was ich bisher vom Rest der Karte probiert habe war auch sehr gut.Jederzeit gerne wieder.Volle Punktzahl.",5,8.10.2010
77,Papà Pane di Sorrento,4,237,Italienisch / ,Mitte,2,1 Foto,"Eigentlich mochte ich das papa pane immeraber gestern abend überhaupt nicht! Man könnte sich an der tatsache stören, dass es immer laut und voll ist, man könnte ein problem mit den vielen engstehenden tischen haben. aber ich hatte gestern ein großes problem mit dem essen! Vorspeise (aubergine-salat) wie immer super  aber dann! In erwartung auf lachs mit pinienkern-chili-kräuter-kruste bekam ich einen nach eierkuchen riechenden fisch-panade-block. unter einer kruste verstehe ich nun mal eine kruste und kein kleinen lachsstreifen, der über und über mit vor fett triefender panade beschmiert ist. und wo waren eigentlich die kräuter und das chili? ich habe dann die ganze panade abgekratzt, aber das half leider nichts. der fisch war extrem fettig und schmeckte leider immernoch sehr stark nach eierkuchen. man sollte sich im papa pane auf die vorspeisen und die pizzen beschränken.",3,18.7.2011
78,Papà Pane di Sorrento,4,237,Italienisch / ,Mitte,2,Unknown,"Diese Pizzeria ist typisch italienisch. Der Schwerpunkt liegt ganz klar auf den Pizzen, andere Speisen gibt es aber auch. Zu empfehlen ist die süditalienische Vorspeisen-Platte. Die Pizzen sind riesig und schön knusprig.Das Ambiente finde ich an sich sehr schön, jedoch stehen die Tische zu eng. Dadurch ist es mir einfach zu laut. Die Preise finde ich angemessen.",4,16.8.2011
79,Papà Pane di Sorrento,4,237,Italienisch / ,Mitte,2,1 Foto,Die beste Pizza in Berlin:-) lecker!,5,14.1.2012
80,Papà Pane di Sorrento,4,237,Italienisch / ,Mitte,2,Max P.,"Super italienisches Restaurant! Die Pizzen sind sehr lecker, groß und einfach preiswert. Insbesondere das Angebot an Pizza bianca hat es mir angetan und die frische Salsiccia... Hmmm...",5,27.9.2014
81,Papà Pane di Sorrento,4,237,Italienisch / ,Mitte,2,Unknown,"Ne ne ne ne. Langsam langsam Die pizza ist lecker, aber nicht die beste pizza in der welt. Die pizza ist leicht trocken und zu knusprig. Das ist keine 5 sterne pizza. Es ist ja lecker aber nicht ein traum. Aufpassen bitte: dünner und knuspriger boden ist keine gute zeichniss für eine pizza! Aber ok, das rest ist super. Die pasta ist excellent und die dessert sind auch besser. Die atmosphäre ist sehr freundlich und die location schön. Ich geben nicht 5 sterne nur wegen die pizza.",4,16.12.2008
82,Papà Pane di Sorrento,4,237,Italienisch / ,Mitte,2,Unknown,"Pizza alla grande come in bella italia!! Wunderbare Auswahl (kein Hawai-Schnickschnack), besonders zu empfehlen ist die Pizza Papá Pane! Die Preise sind für die Pizzen absolut angemessen. Für die Tortelloni (Hauptgericht, nicht Vorspeise) haben wir aber neulich ganz ordentlich in die Tasche greifen müssen: 3 Teigtaschen für über 9 Euro! Geschmeckt hat's ganz o.k., war aber letztlich sehr wenig - hier hat das Preis-Leistungsverhältnis leider nicht gestimmt. Also besser Pizza bestellen! Service habe ich mal nett und schnell, aber auch schon langsam und unaufmerksam erlebt, kommt halt drauf an, wer da ist! Und zur Bahnhofshalle: Das Papá Pane ist in einem Teil der historischen Ackerhalle untergebracht, da läßt sich weder dieser Charakter noch der Lärm vermeiden. Andererseits gehört letzterer aber natürlich zum original italienischen Lebensgefühl, und das gibt's hier reichlich ;)",4,9.8.2009
83,Papà Pane di Sorrento,4,237,Italienisch / ,Mitte,2,Unknown,"5 Sterne für die Pizza, 1 Stern für's Ambiente und Bedienung, macht 3 Sterne im Durchschnitt. Fazit: am besten Pizza mit nach Hause nehmen! Pizza: sehr groß und verhältnismäßig üppig belegt, Preis-Leistungsverhältnis ausgezeichnet, gute Qualität der Zutaten. Bedienung: wirkt sehr gehetzt. Nie wirklich unfreundlich, eher ""neutral"". Nach Beendigung des Essens kriegt man umgehend die Rechnung vor den Latz geknallt. Die Bedienung lädt offenkundig nicht zum Verweilen ein. Erinnert etwas an dieses rotzig-coole Italiener-Image, welches vielen aus dem Due Forni bzw. dem Il Casolare bekannt sein dürfte. Nicht mein Fall. Ambiente: Man kann nicht nur den Betreibern die Schuld an mangelndem Ambiente geben. Die Einrichtung ist puristisch, aber geschmackvoll. Jedoch muss man sagen, dass auch die dort zu den Hauptgeschäftszeiten vornehmlich anzutreffende Kundschaft, vorwiegend zugezogene Bioschwaben und affektierte Mittenasen, die Stimmung in Mitleidenschaft ziehen. Man traut sich auch kaum, länger als zur Beendigung des Mahls notwenig am Platz zu bleiben, weil schon eine Traube dieses Klientels im Eingangsbereich rumlungert und einem böse auf den Tisch starrt, wenn man das Feld nicht räumt, sobald die Teller weg sind.",3,4.1.2011
84,Papà Pane di Sorrento,4,237,Italienisch / ,Mitte,2,Unknown,"Für alle Freunde der italienischen Pizza ein MUSS! Neben der großen Auswahl an fantastischen Pizzen gibt es natürlich auch andere italienische Spezialitäten und eine große Auswahl an guten Weinen in nahezu jeder Preisklasse, von den billigen mal abgesehen. Auf jeden Fall empfehlenswert, allerdings sollte man vorher unbedingt telefonisch reservieren, da es quasi immer voll ist. Einziger Minuspunkt:Es wird nur Bargeld (zumindest war das bei meinen bisherigen Besuchen so).Darauf wird man allerdings bei der telefonischen Reservierung auch hingewiesen. Alles in allem Super.",4,3.2.2011
85,Papà Pane di Sorrento,4,237,Italienisch / ,Mitte,2,Sebastian S.,"Sehr feines Essen, selbst als verwöhnter Zürcher ohne Einschränkung zu empfehlen. Pizza mit frischen Feigen und Rohschinken - ein Traum! Frische Zutaten, nettes Ambiente und sehr gutes Preis-Leistungs-Verhältnis. Beim nächsten Berlin Besuch auf jeden Fall wieder!",5,27.10.2013
86,Papà Pane di Sorrento,4,237,Italienisch / ,Mitte,2,Svenja J.,"I LOVE IT!! Mein absolutes Lieblings Restaurant für Pizza. Typisch italienisches geht es hektisch, unkoordiniert und laut zu. Aber das Essen ist immer schnell da und unglaublich gut! Der Nachtisch lässt allerdings zu wünschen übrig, passt nach toller Vorspeise und Pizza, Nudel oder einem tollen Fischgericht aber sowieso nicht mehr rein!",5,31.7.2014
87,Papà Pane di Sorrento,4,237,Italienisch / ,Mitte,2,Unknown,"Ein echt unattraktiv aussehender Laden, aber das Essen ist wirklich gut.Pizza ist vielleicht eine der besten in Mitte.",4,12.6.2011
88,Papà Pane di Sorrento,4,237,Italienisch / ,Mitte,2,Unknown,"Wir waren bisher zweimal im Papa Pane. Beim ersten Mal während der Stoßzeit gegen 20.00 am Wochendende. Wir hatten nicht rerviert bekamen aber noch einen zugigen Zweiertisch am Eingang. Dort wurden wir hektisch, gestresst und wenig aufmerksam bedient. Die Speisekarte ist umfangreich und nicht zu riesig. Wir bestellten Pizza. Diese war toll: dünner Teig mit leckeren Zutaten, wie erhofft. Sofort nach Beendigung des Essens wurde abgeräumt und uns die Rechnung gebracht. Es wurde nicht gefragt, ob wir noch einen Nachtisch haben möchten oder sonst einen Wunsch hatten. Wir hatten das Gefühl, sie möchten uns schnell loswerden, um Platz für neue Gäste zu schaffen.Trotzdem kamen wir nochmal wieder, denn die Pizza war wirklich lecker. Beim zweiten Mal besuchten wir Papa Pane an einem späten Samstagnachmittag. An dem Tag wurden wir nett bedient. Das Restaurant war noch sehr leer und das Personal war freundlich und aufmerksam. Die Pizza war wieder mindestens genauso toll, spregte den Tellerrand und die Zutaten waren köstlich.Die tolle Pizza und die wirklich nette Lokation verdienen 5 Sterne. Einen Stern Abzug gibt es für die Bedienung und den schlechten Service beim ersten Besuch in der ""Rushhour"""".",4,16.10.2011
89,Papà Pane di Sorrento,4,237,Italienisch / ,Mitte,2,Vinos H.,"Si. ; Se ha comentado ,criticado y sobre todo se ha alabado la calidad de esta Pizzeria . Yo la definiría como el "" TEMPLO ROMANO DE LA PIZZA ""Majestuosa . Única .Gracias.",5,2.10.2012
90,Papà Pane di Sorrento,4,237,Italienisch / ,Mitte,2,Unknown,"HÄNDE WEG!Service: nicht vorhanden.Tischreservierungen: werden nicht eingehalten!Mitarbeiter: frech, pöbelnd, unmotiviert, frustriert, unflexibel, unfähig und asozial. Man wird sogar noch beim Trinkgeld betrogen!Massenabfertigung: ja!Toiletten: siffig.Atmosphäre: Bierzelt Oktoberfest.Essen: absoluter Durschnitt (kein Vergleich zu echter italienischer Pizza).Sauce: Note von Tomatenmark.Büffelmozzarella: viel zu wenig aromatisch.Kirschtomaten: z.T unreif. Deko: Papiertischdecken.Viele Italienurlaube beweisen: das ist keine echte italienische Pizza! Jedenfalls schmeckt sie nicht so. Selten hat ein Etablissement so meinen Hass entfacht.Ich wüsste beim besten Willen keinen Grund hierher zu kommen, es sei denn, man ist Masochist!Der schlechteste Italiener der Stadt. Bitte Familie Pane, hört auf zu kochen, schließt euren laden und legt euch menschenwürdiges Benhemen zu!Die Berühmtheit manches Zeitgenossen ist unmittelbar mit der Dummheit seiner Bewunderer verbunden.P.S.: Ich will mein Geld zurück!",1,4.5.2013
91,Papà Pane di Sorrento,4,237,Italienisch / ,Mitte,2,Unknown,"Beste Pizzeria in der Umgebung. Überhaupt beste Pizzeria in Berlin (incl. Kreuzberg).Netter Chefober, der fast immer einen freien Platz findet, wenn auch manchmal neben der Toilettentür.Reservieren abends fast zwangsnotwendig, dieses Lokal ist immer voll, fast immer. Alle Beschäftigten sind nett und professionell, riesiger Raum in den ehemaligen Markthallen, schwierige Akustik. Jede Pizza schmeckt!Alles andere ist meiner Meinung nach allerdings nicht so toll: bessere Pasta gibts einen Steinwurf entfernt im IL SANTO, besser Vorspeisenteller und Salate sowieso.Oh, aber in einem ist Papa Pane der KING: Panacotta. Seit 12 Jahren gibts das beste Panacotta hier, damals noch im keinen Ladengeschäft von Rosa gegenüber, heute, erfolgreich und international besucht, hier.",5,22.8.2012
92,Papà Pane di Sorrento,4,237,Italienisch / ,Mitte,2,Ralph K.,"Sehr gute Pizza! Service und Ambiente würde ich als gut bewerten. Kann schon mal etwas länger dauern, besonders in den Hauptzeiten, wenn das Restaurant aus guten Gründen sehr gut besucht ist. Draussen sitzen ist sicher laut und manchmal etwas eng, doch die Qualität des Essens und das Preis-/Leistungsverhältnis lässt diesbezüglich ein Auge zudrücken. Wenn ich eine richtig leckere Pizza zum Sattwerden brauche, dann Papa Pane!!",4,30.7.2013
93,Papà Pane di Sorrento,4,237,Italienisch / ,Mitte,2,Unknown,"AllgemeinImmer wieder unser Lieblings-Italiener in Berlin.Einziges Manko: oft ist jeder Platz belegt, Tische eng zusammen und dann noch Leute, die sich Pizza zum Mitnehmen holen: Fazit: etwas hektisch, aber absolut Top-Essen und das zu sehr vernünftigen Preisen.BedienungImmer freundlich, keine 'hohe Schule', ist mir aber lieber so herum, als anders herum. Aber manchmal passen die Zeitabläufe nicht, d.h. Man wartet zu lange.Das EssenVorspeise: Große Anti-Pasti Platte. Wir waren zu sechst trotzdem konnte jeder naschen, natürlich nicht für jeden eine volle Vorspeise, wollten wir aber auch wg. der Größen der bestellten Pizzen nicht.4 Pizzen, drei verschiedene Sorten. Alle Top-Qualität. Holzfeuerofen! Sehr gut mit frischen Zutaten belegt! Vorsicht: Pizzen sind ziemlich groß!1 mal Pasta, diese hatten einen Stick zuviel Salz. Der Koch hatte wohl nicht berücksichtigt, dass der eingearbeitete Parmesan auch schon Salzlieferant ist. War aber nicht versalzen, allerdings eines der wenigen Male, wo wir am Essen ein wenig zu mäkeln hatten. Da wir hier schon oft gegessen haben und vor allen die Qualität / Frische der Zutaten überzeugt, trotzdem 5 Sterne1 mal große Kartoffeltaschen, sehr lecker! Super 'kalorienarme' Sahne-Sauce ;-)Das AmbienteImmer wieder sehr gemischte Empfindung. sauber auf jeden Fall, alte Martkhalle ist eine interessante Atmosphäre, aber Tische sehr eng und wenn es voll wird (meist so ab 19.30), dann kann es auch lauter und ein wenig hektisch werden. Aber andererseits, irgendwie Italien.",4,25.10.2014
94,Papà Pane di Sorrento,4,237,Italienisch / ,Mitte,2,Unknown,"Ein großer, hoher Raum mit vielleicht 20 Tischen und großen Schaufenstern zur Ackerstaße, nach hinten abgegrenzt durch einen langen Tresen und dann die offene Küche, eher dunkel gehalten. Das Restaurant ist beliebt und immer gut besetzt, vor allem die jüngere bis mittelalte Szene- und Alternativbevölkerung von Mitte. Wir waren zum wiederholten Male hier, werden nie enttäuscht, aber auch nicht begeistert. Heute hatten wir Kartoffel-Teigtaschen mit einer Trüffel- / Ricottafüllung in Käsesauce. War lecker, wenn die Sauce auch extrem nach Schmelzkäse geschmeckt hat und ziemlich dick war. Das Panna Cotta zum Nachtisch hatte einen seltsam süßen Nachgeschmack, bin mir selber nicht sicher, ob das eher sehr schlecht oder ganz interessant war. Jedenfalls fand ich es heute ganz angenehm. Bedienung in der Regel ganz okay, recht flott, meistens freundlich, ohne höhere Schule allerdings, eher auf nettem Kneipenniveau. Fazit: Wenn wir in der Ecke sind und keine bessere Idee haben, werden wir sicherlich wiederkommen. Ein Muss ist das allerdings nicht.",3,11.3.2012
95,Papà Pane di Sorrento,4,237,Italienisch / ,Mitte,2,Marisa S.,"Ich liebe ihre Pizza, ich hasse ihren Service. Die Pizza der Italo Jungs ist super dünn, gros und ausgewählt belegt. Der sardische Wein ist sehr gut; viel besser als der Hauswein. Ich nehm meistens die Quattro Stationi (hab ich jetzt sicher falsch geschrieben :-)) Ich hatte aber auch schon mal eine Pizza auf weisser Basis, also ohne Tomaten, sonder mit Creme Fraiche oder Ricotta, das war auch lecker. Als Dessert kann ich die Panna Cotta wärmstens empfehlen. Das Tiramisú ist nicht richtig gemacht. Sie verwenden keinen Mascarpone, sondern Sahne. Absolutes no go! Unbedingt reservieren, sonst Schlangen Alarm!",4,10.3.2011
96,Papà Pane di Sorrento,4,237,Italienisch / ,Mitte,2,Junia Y.,"RäumlichkeitenEin riesiger Raum, welcher sehr schlicht eingerichtet ist. Die Tischdecken bestehen nur aus Papier, was ich als unschön empfinde, mir aber mehrfach als original italienisch und total authentisch erklärt wurde. Ändert trotzdem an meinem Billig-Eindruck nichts. Die Toiletten sind für Rollstuhlfahrer oder Gehbehinderte nur schwer erreichbar, da man erst durch die Notausgangtür, dann die Treppen runter und an einem Abstellplätzchen (hey  hier gibt es einen Kickertisch!) vorbei muss.Sonst wird es schnell im Raum laut, da dieser nach oben sehr offen ist und man sehr nah am Nachbartisch sitzt.0/1 ServiceDer Service ist aufmerksam, freundlich, aber fast ein wenig zu schnell. So wird nicht nur schnell abgeräumt (das Brot im Korb hätten wir sicher noch gegessen), sondern wird man nach der Bezahlung auch schnell herausbefördert, denn die nächsten Gäste warten schon. Um das zu erläutern: Wir stehen auf um die Jacken anzuziehen und schon kommen zwei Kellnerinnen, die uns die Tischdecke entreißen und alles sauber machen. Sonderwünsche werden problemlos erfüllt.0,5/1 Essen und TrinkenGanz ehrlich  großartig. Ich würde sagen, dass ich hier die beste Pizza meines bisherigen Lebens gegessen habe. Der Teig war kross und zugleich noch ein wenig weich. Der Belag war nicht zu üppig, aber durch die Riesenportion völlig angemessen. Bruschetta, Antipastiplatte, Pasta .. wirklich alles ganz toll. Sardellenpizzen findet man nur interessanterweise bei vegetarischen Gerichten. Die Auswahl an sich ist ausreichend, erschlägt einen aber nicht.Natürlich gibt es auch passende Weine zum Essen.2/2 Preis- und LeistungsverhältnisIch war positiv überrascht von den Preisen. Die Hauptgerichte kosten größtenteils unter 10Euro und die Pizzen beginnen bei 5Euro. Vorspeisen beginnen bei 2,90Euro (Oliven), über Bruschetta (4,50Euro) bis hin zu den Vorspeisenplatten (7-9Euro). Tiramisu kostet ca. 4Euro und einen halben Liter Wein gibt es ab 8,50Euro.Die Preise sind für die Größe und Qualität der servierten Gerichte durchaus fair und angemessen.1/1 FazitWahnsinns Essen  wirklich! Leider ein paar Abzüge durch die unansprechende Raumgestaltung und den etwas hektischen Service. Trotzdem gerne wieder. Kleiner Tip: Unbedingt reservieren  ab 19.30Uhr erscheint es mir auch unter der Woche unmöglich einen Platz zu ergattern.",4,18.4.2012
97,Papà Pane di Sorrento,4,237,Italienisch / ,Mitte,2,Petra H.,"Die Pizza finde ich hier uneingeschränkt lecker, riiiiiiiesig, großzügig belegt und den Preis angemessen.Lediglich das ungemütliche Massenabfertigungsambiente mit Papiertischdecke, die unwirsche, vage Platzanweisung a la "" setzt Euch halt da hin"" mit Handbewegung gen Fenster, sowie den grottigen, roten Hauswein lassen mich nur 3 Sterne vergeben.",3,30.5.2011
98,Papà Pane di Sorrento,4,237,Italienisch / ,Mitte,2,L I.,"Lecker Pizza gibt's in diesem Laden ! Einen Stern hab ich abgezogen, weil mein Sonderwunsch ""ohne Schinken"" bei der bestellten Pizza nicht berücksichtigt wurde. Dazu muss ich aber sagen, dass es echt voll und laut war. Kann also sein, dass sie meinen Sonderwunsch gar nicht erst mitbekommen haben.",4,7.11.2015
99,Papà Pane di Sorrento,4,237,Italienisch / ,Mitte,2,Ulrike R.,"Bei Papa Pane gibt es leckere Pizzen italienische Art (also dünner Boden, großer Umfang) - dazu die ein oder andere leckere Vorspeise und auch ein paar Pasta- sowie Fleich- und Fischgerichte. Das Restaurant selbst befindet sich in einem sehr hohen Raum (bestimmt sechs Meter) und ist sonst schlicht, eher modern eingerichtet. In der Mitte gibt es einen Tresen, hinter dem man die Pizzabäcker beim Arbeiten beobachten kann. Manchmal gibt es hier auch eine Pizzateig-Jongliershow (bei uns war es an einem Freitag gegen halb acht). Einer der Pizzajungs jongliert mit einem Pizzaboden durch das ganze Restaurant - unglaublich - muss man selber gesehen haben. Wenn ihr unbedingt dort essen wollt oder eine größere Gruppe seid auf jeden Fall reservieren, da immer viel los ist.",4,23.4.2007
100,Papà Pane di Sorrento,4,237,Italienisch / ,Mitte,2,Jeannette S.,"Beste Pizza in Berlin! Auch die gegrillte Dorade, die ich neulich aus Lust auf Fisch bestellte, war einwandfrei. Ebenso die Antipastiplatte und das Vitello Tonnato waren himmlisch. Preise sind moderat, Service freundlich und schnell. Schön authentisch italienisch. Toller Tipp!",5,18.7.2008
101,Papà Pane di Sorrento,4,237,Italienisch / ,Mitte,2,Unknown,"Ein sehr nettes Restaurant, mit hohen Decken, einer entspannten Atmosphäre, die allerdings auch durch die Gäste entsteht! Es ist hier scheibar immer gut besucht, berichtet uns ein Berliner Freund! Wir bestellen Wein, Pizza, Vorspeisen Teller, Salate...und noch mehr Wein! Alle Speisen sind wirklich köstlich, auch das Preis/Leistungs Verhältnis stimmt! Ein wirklich schöner Abend im Dezember!!! :)",4,24.2.2011
102,Papà Pane di Sorrento,4,237,Italienisch / ,Mitte,2,Alexander H.,"Idealer Anlaufpunkt für ein kleines Mittagsessen. Eine Extra Mittagskarte für den großen und kleinen Hunger erleichert die Auswahl. Mit viel Glücl bekommt man gegen 13 Uhr sogar einen Tisch. Die Bedienungen sind freundlich und nett, das Essen lecker und gut.",4,21.11.2006
103,Papà Pane di Sorrento,4,237,Italienisch / ,Mitte,2,Mike M.,Netter Italiener für Pizza und Pasta. Pasta ok. Pizza Scampi suppig und ohne Käse - nur Tomatensauce. Nicht mein Geschmack. Am Wochenende laut und sehr trubelig. Service war gestresst aber vertretbar. Wein aus Wassergläsern - wers mag...,3,6.11.2009
104,Papà Pane di Sorrento,4,237,Italienisch / ,Mitte,2,Unknown,"Ich gehe gerne und viel italienisch essen und habe daher einige Vergleichsmöglichkeiten. Wir haben gestern zu zweit das Papa Pane getestet. Wir kamen früh, so gegen halb sieben, da war ohne Reservierung auch noch ein Tisch frei - später gegen 20 Uhr war jeder Tisch besetzt, also besser reservieren.Die Speisenauswahl ist auf Pizza und Vorspeisen konzentriert, es gibt vier Pastagerichte. Diese klingen aber sehr ausgefallen, entpuppen sich dann zwar als Klassiker (Tortellini alla panna, Linguini Vongole), schmecken aber sehr gut und sind preislich absolut in Ordnung (zwischen 8, 70 Euro und 11 Euro). Meine Pasta Vongole mit Shrimps war wirklich lecker, frisch und ertrank nicht in Sauce. Der Focus liegt wie gesagt auf Pizza, große Auswahl, alles sehr günstig und man bekommt eine frische, riesengroße Pizza serviert - auch hier positiv, dass nichts unter einer fetten Käseschicht ertrinkt, sondern die frischen Zutaten im Vordergrund stehen.Das zum Essen gereichte Brot war herrlich weich und lecker. Vom Essen her finde ich es hier sehr empfehlenswert. Warum trotzdem nur 3 Sterne? Die Tische stehen sehr dicht an dicht und sind relativ unbequem. Auch die große Glasfront macht den Laden etwas ungemütlich. Von den Speisen her ist das hier der gemütliche Italiener um die Ecke, vom Ambiente her aber nicht und das ist mir sehr wichtig. Wir hatten trotzdem einen schönen Abend mit Wiederholungspotential.",3,9.9.2010
105,Papà Pane di Sorrento,4,237,Italienisch / ,Mitte,2,Stephan V.,"War zum Mittagessen hier mit Kollegen. Obwohl voll, hat man uns einen Platz für 5 besorgt. Bestellung ging dann relativ schnell, jeder hatte eine andere pasta aus der Tageskarte, alle sehr lecker, abwechslungsreich und fantasievoll zubereitet und natürlich stilvoll und lecker. Ich war sehr zufrieden. Zwischen 12.30 und 14.00 ist halt voll. Bedienung war nett, konnte nicht gut deutsch was aber beim Italiener ok ist ;-)",5,3.11.2011
106,Papà Pane di Sorrento,4,237,Italienisch / ,Mitte,2,Unknown,"Komme immer mal wieder hier her, da die Pizza lecker ist. Obs jetzt ist wie in Italien, keine Ahnung. Aber sie ist gut. Und preislich auch völlig in Ordnung. Nur leider wird mich das nicht mehr halten können, da auch ein guter, netter Service dazugehört. Dieser war leider in letzter Zeit zunehmend schlecht und unfreundlich. Auch die Gäste scheinen sich dem anzupassen: Welche Mutter wickelt ihr Kind mitten im Restaurant auf der Bank wenn direkt nebendran andere Gäste essen möchten?Da der Service lediglich das Essen brachte ohne Worte fiel eben auch das Trinkgeld dementsprechend gering aus. Wenn Blicke töten könnten, wären wir nun nicht mehr in der Lage hier eine Bewertung zu schreiben.Die 2 Sterne gibts echt nur wegen der leckeren Pizza. Doch die werden wir in Zukunft auch woanders finden.",2,30.5.2013
107,Papà Pane di Sorrento,4,237,Italienisch / ,Mitte,2,Hanna C.,"Eher nicht zu empfehlen. Sehr überlaufen und laut mit unfreundlichem Service. Hier scheint man auf neue Kunden nicht angewiesen zu sein, also wird man erst mal ignoriert. Pizza und Pasta sind ok aber wirklich nichts besonderes und leider kann man nicht mit Karte zahlen, das nervt in der heutigen Zeit und so werden wir nicht wieder kommen.",2,9.9.2013
108,Papà Pane di Sorrento,4,237,Italienisch / ,Mitte,2,Unknown,"Das Restaurant ist immer voll, was aber auch irgendwie verständlich ist. Das Essen ist sehr lecker und zudem noch relativ günstig!Abends ist es sehr schwer spontan einen Platz zu bekommen. (oder man nimmt eine Warteschlange von ca. 30 min in Kauf)Reservierungen sind zu empfehlen. Zudem finde ich es nicht den besten Platz für romantische Abende zu zweit, sondern eher ein Plätzchen um mit einer Gruppe von Freunden zu essen und zu genießen. Es ist meist ziemlich voll und relativ laut. Hier kann man eigentlich alles zum essen empfehlen - ob Pizza, Pasta, Fleisch- oder Fischgerichte. Ich komme immer wieder mal gerne hier her und genieße nette Abende mit Freunden - dafür ist es im Papa Pane super.",5,14.10.2007
109,Papà Pane di Sorrento,4,237,Italienisch / ,Mitte,2,Unknown,papa pane - von tip zur mafiatorte nr. 1 in berlin gewählt - ich denke zurecht - die pizza ist wirklich super - vorspeisen waren auch sehr lecker - alles in allem einen besuch wert - vorrausgesetzt man bekommt einen platz - den den gibts hier nicht so einfach -,5,24.9.2008
110,Papà Pane di Sorrento,4,237,Italienisch / ,Mitte,2,Unknown,"Mich reizt dieses Restaurant überhaupt nicht. Auch wenn sich das schon so rumgesprochen hat und immer knackevoll ist. Muß wirklich nur am Essen liegen und an der netten Pane-Familie, das/die anscheinend super sein muß, weil die Athmosphäre ist einfach nur furchtbar. Am besten man nimmt sich das Essen mit nach Hause.",2,15.10.2008
111,Papà Pane di Sorrento,4,237,Italienisch / ,Mitte,2,Unknown,Ganz grosse Küche für kleinen Preis.,5,23.12.2009
112,Papà Pane di Sorrento,4,237,Italienisch / ,Mitte,2,Lamrock T.,"UPDATE:der service hat sich verbessert und ist freundlicher geworden, leider ist es immer sehr laut im papa pane und eine unterhaltung ist mühsam, aber die pizzen sind bis dato die besten, die ich in berlin gegessen habe (il casolare, due forni, 12 apostel können da nicht mithalten)!KLARE EMPFEHLUNG !PRO- man weiß, was man bekommt. die qualität der pizza (4sterne) bleibt konstant gut, schwankt nicht. auch den roten hauswein (4sterne) kann man gut trinken und das tiramisu (4sterne) schmeckt auch.CONTRA- es fehlt meistens die freundlichkeit, herzlichkeit und positive ausstrahlung des personals.- die tagespizza hört sich meist gut an, schmeck aber bei weitem nicht so gut, verglichen mit den sonstigen pizzen.- die artischocken auf der pizza schmecken merkwürdig.wer also mehr wert auf geschmack und qualität legt, und weniger auf flair und kundenservice, ist bei papa pane gut aufgehoben.SCHNELL HIN, ESSEN UND WIEDER WEG !",4,1.4.2010
113,Papà Pane di Sorrento,4,237,Italienisch / ,Mitte,2,Unknown,Definitiv die beste Pizza in Mitte!,4,18.6.2010
114,Papà Pane di Sorrento,4,237,Italienisch / ,Mitte,2,Unknown,"Papa pane ist leider nichts für mich. Obwohl es am Essen wirklich nicht liegt. Das schmeckt schmackofatz.Papa Pane ist ein (von wem oder was nochmal?) gehypter Laden für Menschen, die gerne beim Essen social Networking betreiben müssen. Hier treffen sich Medienleute, junge Mitte- Familien (deren Nachwuchs mit zweieinhalb zum Geigenzupfen und Mandarin paucken geschickt wird, damit aus dem lieben, kleinen Johan-Leander auch ja was ordentliches wird)War letztens mit nem Freund wieder da und hatte den Eindruck mein Tischnachbar (Typ Michel Friedman) sitzt mir förmlich auf'm Schoss.Da vergeht einem auch beim besten Essen der Appetit.",3,1.1.2012
115,Papà Pane di Sorrento,4,237,Italienisch / ,Mitte,2,Unknown,"Das Essen war wirklich super und das Preis-Leistungsverhältnis 1A (z.B. Pizza Margherita 5,00 Euro)!Schade nur, dass sich im Eingangsbereich immer so viele Menschen ansammeln und auf einen Sitzplatz warten  dadurch verfalle ich persönlich immer in so eine Hektik/Unruhe und denke ich müsste schnell den Tisch frei machen",4,9.2.2012
116,Papà Pane di Sorrento,4,237,Italienisch / ,Mitte,2,Roland L.,"Komisch, hier wird um bestenfalls mittelmäßiges Essen ( Pizza ) in einem engen Lokal mit oft speziellem Service ein großes TAMTAM gemacht. Das kleine Lokanda Pane war besser, ist aber inzwischen geschlossen.",1,9.12.2012
117,Papà Pane di Sorrento,4,237,Italienisch / ,Mitte,2,Unknown,"Wer in Mitte in der Mittagspause eine lockere und leckere Location sucht ist bei Papa Pane genau richtig. Neben seinen beiden kleineren Italienern in der Ackerstraße ist dies quasi die Hauptzentrale. Jeden Tag frische, aktuelle und günstige Mittagsgerichte locken die junge Szene von Berlin alltäglich an die Tische. Und man wird nicht enttäuscht. Freundliche Bedienungen bringen einem von der übergroßen Pizza bis zum Rosmarin Pasta alles was das Herz begehrt. Auch abends sehr zu empfehlen!",5,23.7.2007
118,Papà Pane di Sorrento,4,237,Italienisch / ,Mitte,2,Unknown,"Beste Pizza, sehr nette Bedienungund sehr hilfsbereit, wenn es um zwei Plätze im eigentlich ausreservierten Restaurant geht :-)",4,3.10.2008
119,Papà Pane di Sorrento,4,237,Italienisch / ,Mitte,2,Michael K.,"Sehr gute, sehr große Pizza, eine der besten, zumal zu dem Preis! Aber sehr laut, Wartesaal-Atmo und teils unfreundliche Kellner. Aktualisierung: Vorgestern nach langer Zeit nochmal da gewesen, spontan, was freitags Abends keine gute Idee ist. Trotzdem zu zweit nen Platz freigemacht bekommen und die Pizza war weiter auf hohem Niveau. Dafür gibt's einen Stern mehr. Natürlich weiter laut, wuselig und nicht so wirklich gemütlich, aber man kann ja danach noch woanders hingehen :-)",4,19.7.2009
120,Papà Pane di Sorrento,4,237,Italienisch / ,Mitte,2,Christina R.,"Viele sagen hier gibt es die beste Pizza der Stadt, leider kann ich das nicht bestätigen. Die Karte hat eine sehr gute Antipasti Auswahl und auch Pasta und Hauptgerichte sind sehr ansprechend. Die Pizzen sind auch sehr ausgefallen leider fehlt ihnen das gewisse etwas. Dennoch ist es ein super Ambiente und der Service ist freundlich und aufmerksam. Alles in allem stimmt das Preis-Leistungsverhältnis und es ist ein netter Italiener um die Ecke.",3,27.1.2010
121,Papà Pane di Sorrento,4,237,Italienisch / ,Mitte,2,Unknown,"Sicher kein Geheimtipp, aber konstant lecker und die Preise sind sehr fair. Wenn ich in Berlin bin und in der Nähe, freue ich mich immer auf ein Abendessen dort.",5,3.2.2010
122,Papà Pane di Sorrento,4,237,Italienisch / ,Mitte,2,Unknown,"Leckerer Büffelmozzarella als Vorspeise. Pizza ist ok, aber nichts Besonderes  eher etwas ölig. Die Pastaauswahl ist etwas klein. Die Gerichte von meiner Begleitung und mir kamen leider nicht gleichzeitig.Die Atmosphäre ist wirklich nicht gemütlich. Ich gehe lieber um die Ecke zu Il santo  da gibts dann richtigen italienischen Flair.",3,29.12.2011
123,Papà Pane di Sorrento,4,237,Italienisch / ,Mitte,2,Unknown,"AllgemeinÜberdurchschnittlich guter Italiener. Am besten am Wochenende um einen Abend zu starten. Preis-Leistung unschlagbar!BedienungNetter Kellner, wollte ein bisschen rumspaßen. Hatte irgendwie das Gefühl, dass er meiner weibliche Begleitung imponieren wollte. Aber alls im Rahmen.Das EssenIch bin sehr überzeugt von der Qualität. Hier werden gute Zutaten verwendet. Das sieht man und das schmeckt man. Ich liebe italienische Küche, aber ich hasse nichts mehr als Standard-Qualität, welche man bei vielen Italienern bekommt.Ich esse wenn ich mit mehrere Leuten hingehe gerne die Pizza zum teilen. Alleine bevorzuge ich lieber eine der großartigen Vorspeisen wie den Löwenzahn oder den Baby-oktopus und danach eine Pasta. Die Pizza ist aber absolut nach meinem Geschmack. Kross und mit wenigen und guten Zutaten belegt wie ligurischen Oliven und Top-Thunfisch.Das AmbienteIch mag kahle Räume, die andere vielleicht an Bahnhofsambiente erinnern. Andere mögen lieber kuschelige Nischen. Gehe vor allem gerne hin, wenn es voll ist und dementsprechend trubelig. Perfekt um einen Abend mit Freunden zu verbringen.SauberkeitMir ist jetzt nichts negatives aufgefallen, aber insgesamt doch eher Normal.",4,7.11.2013
124,Papà Pane di Sorrento,4,237,Italienisch / ,Mitte,2,Oliver N.,"Wir waren heute mit 20 Personen hier essen. Es war nicht das erste mal und es wird auch nicht das letzte mal gewesen sein. Trotz dieser Größe von 20 Personen war eine kurzfristige Reservierung (2 Wochen im Vorfeld) problemlos möglich. Wir könnten alle an einer großen Tafel Platz nehmen, was der Kommunikation und der Stimmung keinen Dämpfer verpasst hat wie es teilweise in anderen Lokalitäten ist. Der Service war zuvorkommend und auf eine doch sehr italienische Art freundlich bzw. aufmerksam. Was mich sehr positiv überrascht hat ist, dass trotz der Größe der Gruppe ein a la Carte Service möglich war und auch ohne lange Wartezeiten geklappt hat. Großes PLUS Ein weiterer erwähnenswerter Punkt ist die Qualität im Vergleich zum Preis. Es passt einfach zusammen; bezahlbar und sehr schmachvoll!!!",5,26.3.2013
125,Papà Pane di Sorrento,4,237,Italienisch / ,Mitte,2,Jasper M.,"Top Pizza, super Vorspeisen!! Zur Pasta kann ich leider nichts sagen da ich einfach immerwieder diese außergewöhnlich gute Pizza bestelle. Die verwendeten Zutaten sind immer frisch und qualitativ hochwertig!",5,21.3.2013
126,Papà Pane di Sorrento,4,237,Italienisch / ,Mitte,2,Unknown,"Nur 1 Stern von mir, auch wenn das Essen ganz lecker schmeckt. Denn der Kellner ist hier König und lässt das einen auch gerne wissen. Außerdem sind die Pasta oft in Knoblauch erstickt - gute italienische Küche hat das nicht nötig!--- Korrektur:Die Jungs haben sich in letzter Zeit gut entwickelt. Recht freundlich waren sie in letzter Zeit. Jetzt sind's schon 3 Sterne :)",3,7.3.2009
127,Papà Pane di Sorrento,4,237,Italienisch / ,Mitte,2,Unknown,"Fantastische Pizzen, übler und bitterer Espresso - schade!gehe trotzdem regelmäßig hin wegen der Pizza",2,2.6.2010
128,Papà Pane di Sorrento,4,237,Italienisch / ,Mitte,2,Unknown,"Mit einer kleinen Tochter ist Essen gehen nicht immer leicht. Sie mag z.B. keine Sosse an der Pasta. Die kommt dann halt immer ""ohne was mit nix"". Anders bei papa pane. Obwohl der Laden knall voll war, wurde die Kinder-Pasta vorgezogen und wunderbar in Butter geschwenkt. Keine große Sache? Auf die Idee war vorher noch niemand verfallen, und wir gehen oft essen. Solche Details zeigen, wer das Essen machen liebt und wer nur aufwärmt. papa pane: douze points.",5,28.6.2010
129,Papà Pane di Sorrento,4,237,Italienisch / ,Mitte,2,Unknown,"Man muss hier bei der 103. Bewertung nicht alles wiederholen. Im Wesentlichen können wir die Tendenzen der Vorredner bestätigen. Nur soviel sei gesagt: Verhältnismäßig günstige Steinofenpizzen, die quali- und quantitativ ordentlich belegt sind. Auch am Teig ist wenig auszusetzen (obwohl er unserem Berliner Favoriten ""Massaniello"" nicht das Wasser reichen kann); er verliert vllt etwas schnell seine Knusprigkeit - worauf auch immer das zurückzuführen ist? Wir wurden freundlich und professionell bedient, obwohl der Laden wie immer sehr gut besucht war. Natürlich ist, nicht zuletzt aufgrund der hallenartigen Räumlichkeit, der Gräuschpegel recht hoch. Uns ist das aber nicht extrem negativ aufgestoßen. Obwohl auch die anderen Speisen anständig sind, ist ein ""Pizza-Besuch"" in unseren Augen eher angezeigt.",4,25.3.2011
130,Papà Pane di Sorrento,4,237,Italienisch / ,Mitte,2,Unknown,Für die Mittagspause einfach ideal. Man sollte möglichst gleich um 12 Uhr da sein und auch sofort alles Bestellen. Dieser Laden ist immer gut besucht und das liegt sicherlich an - dem sehr guten italienischen Essen - der netten Bedienung- dem tollen Ambiente...,5,11.5.2011
131,Papà Pane di Sorrento,4,237,Italienisch / ,Mitte,2,Moppi M.,"Mit jedem (immer seltener werdenden) Besuch im papa pane, fällt meine Meinung über dieses Restaurant schlechter aus. Die Bedinungen sind teilweise so gestresst und unfreundich, dass man sich kaum traut sie anzusprechen (falls sie einen bei der Lautstärke im Raum überhaupt hören). Mittlerweile gehe ich hier nur noch hin wenn ich eine leckere Pizza essen will. Wahrscheinlich haben es die Besitzer nicht mehr nötig sich Gedanken um ihre Kunden zu machen. Schade.. Fazit: Sobald es hier in der Nähe eine richtig gute Pizza gibt, kann das papa pane meinetwegen abschliessen.",2,3.6.2011
132,Papà Pane di Sorrento,4,237,Italienisch / ,Mitte,2,Elfe S.,"Dienstag abend gegen 22 Uhr hier unvermittelt reingeschneit. Ziemlich voll, aber dennoch sofort einen Tisch für 5 bekommen. Service war nett und flott, auf die Pizzas mussten wir jedenfalls nicht lange warten. Die waren dann auch gut und lecker. Das Ambiente ist eher gewöhnungsbedürftig, gemütlich ist was anderes. Ziemlich groß, voll, eng beieinander stehende Tische, recht laut. Fazit: Fürs gemeinsame Essen gut geeignet, für gemeinsam sitzen, Wein trinken und quatschen eher nicht zu empfehlen.",4,24.6.2011
133,Papà Pane di Sorrento,4,237,Italienisch / ,Mitte,2,Unknown,"Ma muss eben doch die Gegebenheiten kennen. Mittags kommen oder nach der Gastronomie-rush-hour ab 21:30 Uhr. Dann ist es zwar immer noch voll, aber man bekommt einen Platz.Ich war schon ca. 10-15 mal dort und kann weder über den Service noch die Qualität des Essens schimpfen. Die Atmoshäre ist in jeder Hinsicht italienisch laut und hektisch. Nun gut, der Vino alla casa ist nicht der beste  da muss man eben schon gezielt die Weinkarte lesen! Aber alleine die Vorspeisen sind empfehlenswert. Vitello tonnato- sehr gut!, die Caponata di Melanzane gut. Und dann diese Baby-Oktopuss.hmmmm.Es ist natürlich immer besser, dem Padrone zumindest vom Angesicht her bekannt zu sein oder ein paar Brocken Italienisch zu können, dann läuft das mit einem Tisch besser. Auch wenn später noch Freunde dazu kommen.Aber das Preis-Leistungs-Verhältniss ist sehr gut (insbesondere für Mitte) und alleine deshalb (und der Baby-Oktopusse wegen) empfehle ich das Papa pane di sorrento gerne weiter.",5,20.7.2011
134,Papà Pane di Sorrento,4,237,Italienisch / ,Mitte,2,Unknown,"Wir hatten gestern Abend anlässlich eines Geburtstages das Vergnügen die Pizzeria Papa Pane zu besuchen. Beim eintreten fiel der geräumige, große Raum mit seinen hohen Decken zwangsläufig als erstes auf- sehr schön, hier möchte man gerne den Abend verbringen. Das Lokal war gut besucht, allerdings noch nicht gerammelt voll. Wie sich später herausstellte war es jedoch absolut richtig zu reservieren, da wenig später aus gut besucht dann doch gerammelt voll wurde! Die Begeisterung über den schönen Gastraum schwand während wir zu dritt mitten im Eingang standen und darauf warteten, dass der Kellner, welcher augenscheinlich nichts zu tun hatte jedoch Konversation mit offenbar Stammgästen betrieb, uns an unseren Platz führte.Nach etwa 5 Minuten hatte er ein Erbarmen und brachte uns an den reservierten Tisch auf den er, nach dem Hinweis wir hätten für 4 reserviert, 3 Speisekarten legte. Nun denn, wir hatten Hunger, Durst und wollten Geburtstag feiern. Nachdem der Vierte im Bunde eintrudelte und wir auch schon genug Gelegenheit hatten uns über den Tag auszutauschen und weder der Kellner der uns zum Platz führte, noch die drei anderen die fröhlich an der Bar standen, selbst ein Schlückchen tranken und in einem Anflug von Tatendrang anfingen die noch freien Tische einzudecken statt uns nach unserem Getränkewunsch zu fragen, wurden wir etwas unruhig. Mein Freund winkte dem Kellner und  danke!  er kam. Wir gaben unsere Bestellung auf und unsere Hoffnung auf kaltes! Bier und leckere Pizza wurde nicht enttäuscht. Zwar äußerte mein Freund wie vor ihm bereits einige andere Qyper das die Pizza ein wenig matschig sei bzw. mit der Zeit immer matschiger würde, doch alles in allem befanden wird, dass das Essen es wert ist nochmal und gerne wiederzukommen. Als Nachspeise gab es ein Tiramisu was leider offen ließ ob es selbst gemacht oder selbst gekauft war. Aber um ehrlich zu sein ist mir das auch fast egal solange es lecker ist UND wie Tiramisu schmeckt. Beides tat es auf voller Linie und so endete der Abend für uns satt und glücklich über das ganz bestimmt nicht Sterne- aber auf alle Fälle leckere Essen. Der Service ist bis auf eine junge, ambitionierte Kellnerin unter aller Kanone und zwar nicht weil er etwa das Tablet nicht halten könnte, sondern weil er vor Arroganz nur so strotzt. Unser Tischnachbar schaute nur entgeistert als der Kellner ihm das Schälchen mit dem eingepackten Essen auf den Tisch pfefferte und kommentarlos ging als er um die Rechnung bat..Das geht besser Papa Pane. Ein wenig das Gefühl Willkommen zu sein und ein Lächeln statt Überheblichkeit und die Pizzeria Papa Pane ist ein top Lokal! 4 Punkte denn das Essen ist es wert",4,9.3.2012
135,Papà Pane di Sorrento,4,237,Italienisch / ,Mitte,2,Unknown,"Die Pizza Papa Pane ist ein Genuss, ich denke auf dieser Pizzakarte gibt es keine Bessere, daher hat sie auch den Namen des Restaurants verdient. Wer kein Problem mit Knoblauch und einer guten Ladung Olivenöl hat sollte diese unbedingt probieren.",4,2.5.2008
136,Papà Pane di Sorrento,4,237,Italienisch / ,Mitte,2,Unknown,"Unbestritten - eine der besten Pizzerien der Stadt! Hervorragende Pizza und auch leckere Pastagerichte. Dazu gehört natürlich der erschwingliche offene Hauswein. Das ist echt italienisches Feeling - zumal die Besitzer im Sommer mit ihren Vespas und anderen lustigen italienischen Gefährten vor dem Restaurant herumkurven. (Die haben sogar einen kleinen Fiat-Eiswagen aus Italien mitgebracht, in den sich ein normalwüchsiger Mensch nur hineinfalten kannaber toll!)Neben dem tollen Essen gibt es allerdings auch Minuspunkte: Man kann nicht mit Karte bezahlen (das kenne ich aus KEINEM Restaurant), wenn man Wein bestellt, bekommt man dazu KEIN Leitungswasser, auch nicht auf Nachfragen oder nicht zum Kaffee (das grenzt schon fast an Unverschämtheit), der Raum ist sehr gross und mit seinen hohen Decken sehr laut und regelmäßig ist es so voll, das man kaum einen Platz bekommt und lange Wartezeiten in Kauf nehmen muss. Trotz allem ist und bleibt es einfach hervorragende Pizza, für die sich ein Besuch immer mal wieder lohnt. Oder noch besser: bestellen und die Pizza mitnehmen. Das geht schnell und ist sogar mit Preisen zwischen 6,50 und 9 Euro wirklich günstig.",3,15.9.2008
137,Papà Pane di Sorrento,4,237,Italienisch / ,Mitte,2,Unknown,"Die Pizza könnte nach meinem Geschmack noch etwas mehr feste Konsistenz haben, aber da scheiden sich sicherlich die Geister. Wer es hauchdünn und saftig belegt mag, der ist hier jedenfalls genau richtig.Die Atmosphäre ist sowohl für Touristen als auch für Einheimische immer wieder sehr anregend - vor allen Dingen, wenn man im Sommer draußen sitzen kann. Sehr angenehmes Flair!",4,6.1.2009
138,Papà Pane di Sorrento,4,237,Italienisch / ,Mitte,2,Unknown,Sehr nette Pizzeria mit sehr leckeren frischen Gerichten und immer noch preiswert. Gerne komme ich zur schnellen Mittagspause - vorher reservieren ist auf jeden Fall immer ratsam!,5,8.2.2009
139,Papà Pane di Sorrento,4,237,Italienisch / ,Mitte,2,Unknown,"Wie machen die das hier? Einerseits handelt es sich ja nur um eine einfache Pizzeria, die so mit Tischen vollgestellt ist, dass die Kellnerinnen die Pizzen hochkant durch die Gästeschluchten bugsieren müssen. Andererseits ist Familie Pane trotz des Dauerlaufs (der andernorts etwas langsamer als Service daherkommt) unglaublich aufmerksam, kein leeres Glas bleibt länger als 10 Minuten unachgefüllt oder abgeräumt auf dem Tisch stehen - wie in einem richtigen Restaurant. Die Küche ist offen, die Steinöfen und die frohgemuten Köche können beobachtet werden. Das Ergebnis ihrer lockeren Arbeit sind knusprige Pizzen, die schlicht bedeckt sind, aber göttlich gewürzt. Am Wochenende ist die Stimmung im Saal geradezu berauschend, das Gewirr aus Reden, Gerüchen, Mänteln ist überwältigend; mit lebhaft ist die Szenerie wirklich untertrieben beschrieben. Hier wird der Vollstart ins Wochenende kostenlos mitgeboten. Wer hier isst, der genießt für einen Abend Italien, wie es alle mögen - einerseits wild und ungezügelt, aber andererseits doch fest geführt von Papa Pane.",4,22.2.2009
140,Papà Pane di Sorrento,4,237,Italienisch / ,Mitte,2,Unknown,"Güter sind knapp, heißt es in der Volkswirtschaftslehre. Das erstaunt den Laien, wenn er zum Beispiel beim Kaisers einkaufen geht. Er denkt sich, es ist doch alles mit Waren gefüllt. Auch die Unterbrechungen im abendlichen Fernsehprogramm geben dem dem einfachen Bürger die Nachricht, dass von allem und jeglichem mehr als genug existiert. Man müsste eben nur Geld haben, all die schönen Dinge zu kaufen. In Berlins Mitte sammeln sich jene Menschen, für die zumindest die Frage mit Geld keine wesentliche Rolle spielt und die deshalb all die angebotenen Dinge kaufen könnten. Und man sollte vielleicht naiverweise sogar annehmen, dass die Produzenten all ihre schönen Waren vor allem in der Mitte Berlins ausbreiten werden, eben weil ja dort die Einkaufskraft besonders hoch ist. Aber irgend ein geheimer Mechanismus, der nicht zu verstehen ist, regelt es vielmehr so, dass gerade in Mitte das legere: Ich habe jetzt mal Lust auf Pizza nicht funktioniert. Überall muss man anstehen, als ob in den Radionachrichten der letzte Tag verkündet worden wäre. Um so erhabener fühlt man sich dann natürlich, wenn man am Wochenende im Papa Pane Platz doch nehmen darf - weil man reserviert hat. Man fühlt sich sozusagen ausgewählt; man weiß, man gehört dazu. Man wird, wenn es einem einmal gelungen ist, im Papa Pane zu speisen, in den nächsten Wochen all seinen Freunden erzählen, dass man unbedingt dort essen sollte. Die Pizza schmeckt so, was man anderswo ganz in Ordnung oder im Grunde wirklich lecker nennen würde. Aber angesichts der in trauben wartenden Menschen im Eingangsbereich schmeckt die Pizza natürlich köstlich, einmalig, unübertroffen. Geführt werden an einem solchen Abend natürlich Gespräche, die sich dem Vergleich fremder und eigener Leistungen hingeben, wobei es wichtig ist, die richtigen Dinge zum Zwecke der hervorragenden Eigendefinition anzusprechen. Also nicht das in der Anwohnerparkzone abgestellte große Auto, sondern die Einladung der prominenten Person X zum Großereignis Y ist zu erwähnen. Auf keinen Fall darf sich das Gespräch um Güter drehen, die nicht knapp sind: zum Beispiel darüber, wo man mal einfach nur persönliche Freude fühlte.",2,22.2.2009
141,Papà Pane di Sorrento,4,237,Italienisch / ,Mitte,2,Unknown,"Super Pizzaria, super lecker und das Ambiente ist auch schlicht und schön. Die Pizza ist wirklich super lecker.",5,22.7.2009
142,Papà Pane di Sorrento,4,237,Italienisch / ,Mitte,2,Unknown,"Hallo Leute.. wie einer der vorherigen Kommentare schon meinte, leider gibt es hier keine negativen Sterne! =( Ich habe diesem Laden eine weitere Chance gegeben, da schon mein erster Besuch von schlechtem Service überschattet war und das letzte mal war es noch schlimmer. Ich arbeite selber in der Gastronomie und daher weiss ich was guter Service ist. Doch Freundlichkeit und der gast kommt an erster Stelle sind bei denen Fremdworte. Die Kellnerin die meineFreundin und mich ""bediente"" war unaufmerksam, wir bekamen nicht mal Brot und uns wurde nur ein kleiner Tisch als art notlösung zu gewiesen. Und denn wurden uns auch noch die Teller unter der nase weggezogen, kaum das wir mit Essen fertig waren. Einer der Geschäftsführer kam kurz danach und meinte zu meiner Freundin, Seniorina?... und nichts weiter und ging wieder... Keine 2 min später stand die Kellnerin da und hielt uns die Rechnung unter die Nase und meinte, wir müssten jetzt zahlen. Daraufhin schauten meine freundin und ich uns ziemlich überrascht an und meinten, warum. Darauf kam die Antwort, wie uns vorher gesagt wurde, sei nur ein begrentzes Zeitfenster zur Verfügung. Tja, dummerweise darauf hingewiesen, dass uns dies anfangs NICHT gesagt worden war, fuhr sie meiner freundin mitten in den noch nicht beendeten Satz und meinte, doch sehr wohl sei das gesagt worden. Ich finde diese Leuten sollten mal an eine Schulung iherer Mitarbeiter denken und sich mal überlegen was guter Service ist und was zur Freundlichkeit alles dazu gehört.Ich gehe sicher nie wieder in diesen Laden und kann auch nur jedem davon abraten dorthin zu gehen!eine Beleidung für die Gastronomie!!!",1,29.12.2010
143,Papà Pane di Sorrento,4,237,Italienisch / ,Mitte,2,Unknown,Ganz ok aber kein traditioneller Italiener! Aber Pizza ist ganz gut und der Laden auch meistens gut besucht!,2,20.6.2011
144,Papà Pane di Sorrento,4,237,Italienisch / ,Mitte,2,Unknown,"Die Pizza ist wirklich lecker aber die Stimmung nicht so lustig, weil der Laden etwas Hallenartig ist. Die Preise sind aber sehr fair.",4,27.6.2011
145,Papà Pane di Sorrento,4,237,Italienisch / ,Mitte,2,Unknown,"Ich war neulich zum 1. Mal im Papa Pane und die Vorspeisen sind einfach super!!! Abwechslungsreich (haben nicht nur die Standard-Anti-Pasti), lecker und vom Preis-Leistungsverhältnis her nicht zu toppen. Dazu gab es Nudeln mit Wirsing und Salsiccia, die waren auch sehr lecker. Die Pizzas sahen auch sehr gut aus und werden das nächste Mal probiert :-).Aufgrund der Vorredner hatte ich mich darauf eingestellt, dass es sehr voll, laut und eng wird. So war es dann auch. Die Enge war zwar gar nicht so schlimm wie befürchtet, aber es war nervig, dass ständig jemand gegen meinen Stuhl gelaufen ist (zumeist die sehr nette, aber diesbezüglich etwas unaufmerksame Kellnerin). Außerdem fand ich es etwas affig, dass 5 Minuten Verspätung gleich kommentiert wurden.",4,27.10.2011
146,Papà Pane di Sorrento,4,237,Italienisch / ,Mitte,2,Unknown,"Die absolut beste Pizza im Berlin, sehr gute Location im der alten Markthalle. Wir gehen dort gerne immer wieder essen und wurden nie enttäuscht! Vor allem auch sehr bei Italienern aus Berlin beliebt.. Die Pizza Papa Pane ein echtes Muss!!",5,2.6.2012
147,Papà Pane di Sorrento,4,237,Italienisch / ,Mitte,2,Unknown,Tolle Pizza und freundlicher Service. Ich werde wiederkommen.,4,30.6.2012
148,Papà Pane di Sorrento,4,237,Italienisch / ,Mitte,2,Unknown,"Best Pizza in town!  oder zumindest die beste, die wir bisher gefunden haben.Beste Zutaten, reichhaltiger Belag. Auch die anderen Speisen, die wir bisher probiert haben, waren alle erstklassig. Wobei man wirklich Pizza essen sollte, wenn man bei Papá Pane ist. Preis-Leistung unübertroffen. Die Bedienung professionell und freundlich aber chronisch in Eile. Der Laden ist meistens bis auf den letzten Tisch besetzt, daher unbedingt reservieren. Continuate così ragazzi, veniamo sempre volentieri!",4,3.7.2012
149,Papà Pane di Sorrento,4,237,Italienisch / ,Mitte,2,Unknown,"Gutes Essen. Allerdings hätte ich mir zumindest gewünscht, dass ich ein GLAS Wasser hätte dazubestellen können. Ich musste das Wasser Flaschenweise kaufen für ca 4 Euro. Ist, wenn man nur zu Zweit dort ist und der einzige Wasserverbraucher ist ,etwas happig.Preis geht klar!",2,24.11.2012
150,Papà Pane di Sorrento,4,237,Italienisch / ,Mitte,2,Unknown,"Ich bin regelmäßig Gast bei Papá Pane und liebe es hier zu sein. Die Besitzer und auch die meisten Kellner sind ECHTE Italiener und sicherlich macht auch dies die besondere Atmosphäre hier aus. Es geht schnell und laut zu in der Pizzeria, aber auch immer herzlich. Außerdem gibt es hier eindeutig die beste Pizza in Berlin. Selbst bei meinem letzten Italienurlaub fand ich keine bessere!!!",5,12.3.2009
151,Papà Pane di Sorrento,4,237,Italienisch / ,Mitte,2,Unknown,"Ohne Frage meine LIeblingspizzaria! GUte Pizen, wechselnde Angebote und auch Bedienung, die in Ordnung ist. Auf jeden Fall, nach vielen Besuchen weiter zu empfehlen!",5,27.4.2010
152,Papà Pane di Sorrento,4,237,Italienisch / ,Mitte,2,Unknown,"Der Klassiker für ne Pizza in Mitte. Ich kenne den Laden schon seid Jahren und totz des hohen Andrangs ist die Qualität immer gleich gut geblieben. Pasta und die anderen Sachen auf der Karte sind nicht so toll aber wie gesagt, die Pizza ist 1A.",4,20.6.2010
153,Papà Pane di Sorrento,4,237,Italienisch / ,Mitte,2,Unknown,"die Pizza ist supergut, da kann man nichts sagen.das ist auch der einzige Grund, warum ich noch ins papa pane gehe. Pizza abholen ist eindeutig die bessere Variante. neben der furchtbar schlechten akustik, lässt der service sehr zu wünschen übrig (die weiblichen Bedienungen sind allerdings sehr freundlich):es ist immer zu voll, so dass man oft auch warten muss, wenn man reserviert hat, wirklich ein Unding!oder man muss z.b. trotz Reservierung zu viert an einem zweier-tisch sitzen (auf den keine vier pizzateller passen)oft steht ein Tisch direkt vor der Tür, die zu den Toiletten führt oder so nah an der Theke, dass man ständig angerempelt wird.oder sie stellen Gartentische rein, an denen die Stühle dann aber viel zu hoch sind. nach dem essen kommt dann öfters auch mal die frage ""cafè oder dessert?"" und wenn man dann stattdessen noch einen wein bestellt, wird schon mal der Geschäftsführer an den tisch geschickt, der einen dann fragt, ob man einen Grappa trinken möchte, wenn man verneint sagt, er gehe auch aufs haus und danach bittet, doch endlich zu bezahlen und zu gehen. sehr ""unitalienisch"" und, wie ich finde, wahnsinnig unhöflich... (auch wenn dann der Absacker aufs haus gehen würde) außerdem sehr negativ ist, dass man nur bar bezahlen kann, was doch gleich ein bisschen an Mafia und Schwarzgeld denken lässt... zudem habe ich letzte Woche die wirklich (!) widerlichste Pasta meines Lebens gegessen (ich weiß nicht, ob das ein Unfall war, so etwas Schlechtes habe ich noch nie gegessen und bisher konnte man Pasta gut essen) - aber wohl auch mein Fehler, im papa pane sollte man einfach Pizza bestellen. Fazit: Die Pizza ist wahnsinnig gut, alles andere nicht.",2,6.5.2011
154,Papà Pane di Sorrento,4,237,Italienisch / ,Mitte,2,Unknown,Immer wieder toll essen Top Service flopsber das essen macht es immer wieder raus.,5,15.6.2011
155,Papà Pane di Sorrento,4,237,Italienisch / ,Mitte,2,Unknown,"Einfach tolles Essen. Pizza mit Buffelmozarella einfach der Hammer.Nur kleines negatives Punkt: immer überfüllt und sehr eng.Es ausgenommen, lohnt sich auf jeden Fall.",4,11.11.2011
156,Papà Pane di Sorrento,4,237,Italienisch / ,Mitte,2,Unknown,"Einfach nur lecker. Es ist immer sehr voll da und man muss lange auf sein Essen warten, aber es lohnt sich allemal! Besonders die Vorspeise Spinat mit Pilzen sollte man probieren. Ein Traum.",5,26.11.2011
157,Papà Pane di Sorrento,4,237,Italienisch / ,Mitte,2,Unknown,"Wer ein lauschiges Restaurant für ein Candlelight-Dinner sucht ist hier falsch, es ist laut und eng :-) Wir hatten einen super abend und haben lecker gegessen. Obwohl wir nur für 4 reserviert hatten  wir aber inzwischen 7 waren, und alles voll war, hat die Bedienung noch super flott und ohne Meckern 3 Stühle organisiert. Das Essen war dem Preis-Leistungsverhältnis entssprechend sehr gut. Ich habe nach diesen Bewertungen schlimmeres erwartet. (Wir hatten einen Gutschein bekommen und sind deshalb trotzdem hin.) Die Bedienung war schnell und sehr freundlich trotz vollem Laden.Es wird definitiv jetzt zu einem meiner regelmäßig frequentierten Restauraunts!",5,17.2.2012
158,Papà Pane di Sorrento,4,237,Italienisch / ,Mitte,2,Unknown,"Die beste Pizza Berlins!! Man sitzt leider nicht so schön, abends muss man oft warten, bis man einen Platz bekommt, und die Kellner sind meistens ziemlich schnippisch.Aber die Pizza macht das alles wett! :-)",4,4.5.2012
159,Papà Pane di Sorrento,4,237,Italienisch / ,Mitte,2,Unknown,"Meine Erwartungen wurden leider nicht erfüllt- Pizza: gute Steinofenpizza mit echtem Mozzarella, zu einem fairen Preis. Allerdings gibt es deutlich bessere Steinofenpizzen in Berlin!- Ambiente Drinnen: sehr schön, allerdings ab 19/20 Uhr viel zu überfüllt und laut. Draußen sitzt man direkt auf dem Straßenbordstein, kein schöner Blick, wenig einladend.- Obwohl wir bereits ab 18 Uhr vor Ort waren und demnach das Restaurant wenig gefüllt war, war die Wartezeit dennoch sehr lang.- Bedienung leider sehr gestresst, und unfreundlich.Fazit: Im Vergleich zu den vielen positiven Berichten war das Gesamtpaket sehr enttäuschend!",2,2.9.2012
160,Papà Pane di Sorrento,4,237,Italienisch / ,Mitte,2,Unknown,"Super. Meine Lieblingspizza (Pizza Cotto, Papa Pane). War bestimmt schon 30 Mal dort Abends sind meist bekannte Kellner (freundlich und geschäftig) da. Lokalität ist nett, etwas laut und vollgestopft aber man muss ja nie lange warten insofern passt das schon. Wer leckere Pizza in Berlin will sollte zu Papa Pane gehen!",5,5.9.2012
161,Papà Pane di Sorrento,4,237,Italienisch / ,Mitte,2,Unknown,"AllgemeinWir waren an einem Samstagabend und hatten für 6 Personen reserviert. Tisch war im Grunde nur für 5, aber durch die Bank konnten statt zwei Personen auch drei platziert werden. Direkt daneben wurden an einem Zweier-Tisch aufgrund der Bank  dann gleich drei Personen platziert.Alles was auf den Tisch kam war ausgezeichnet und preiswert.  Fazit: Leckeres Essen, aber nicht gemütlich. Schade! Gar nicht wie in Italien!!!!! (Hinweis an die vorherige Kritik)BedienungAufmerksam und bedacht, dass es flott geht! Aber, was überhaupt nicht geht ist, dass man wenn man nichts mehr bestellen will, sofort die Rechnung bekommt und die nächsten Gäste schon am Tisch aufgereiht werden.Das EssenVorspeisen: Salat, Ofenzwiebel mit Mangold, Spinat Parmesan (sehr empfehlenswert).Hauptspeisen: PizzaNachspeise: Panna CottaDas AmbienteWenn man gepflegtes italienisches Essen genießen will, sollte man dieses Etablissement meiden. Kaum Platz zwischen den Tischen. Sehr laut.Sauberkeitalles gut. Sehr sauber.",3,8.12.2014
162,Papà Pane di Sorrento,4,237,Italienisch / ,Mitte,2,Unknown,"Erst wurde unser Tisch garnicht beachtet, dann musste ich mir die Karte selber holen, dann wurde ich weiter nicht beachtet und dann kam ein pampiger Kellner an den Tisch  nach zweimaligen Nachhaken am Tresen. Auch dieses italienische aggressive Gebrabbel kann sich der Kellner sparen, wenn er vom Tisch weggeht. Hier fühlt man sich unwohl, kaum entspannte Athmosphäre  dafür ist das Essen ganz gut und preislich top. Muss ich nicht wieder haben.",2,26.3.2013
163,Papà Pane di Sorrento,4,237,Italienisch / ,Mitte,2,Dennis M.,"Also, ich habe viel gelesen über Papa Pane, bevor ich das erste mal da war und muss sagen einiges stimmt einges auch nicht. Ich war gegen 16:00 Uhr, der Laden war ziemlich leer, der Service freundlich. Die Pizza war wirklich riesig und sehr gut. Vor allem muss einmal gesagt werden, der Laden ist echt super Preiswert. Die Pizza Salami kostet 6€  (Vitello Tonnato 6,50€, was im Vergleich echt Preiswert ist zu anderen Italienern) und wer denkt das machen die mit den Getränken wieder gut der irrt (Limo 1,20, Wein ab 3€ und ein Espresso 1,20€).Es wird ja in andere Foren oft der Service bemängelt, oder das es laut ist usw.Ich muss sagen laut war es nun nicht, aber es war ja auch leer. Der Service war super, habe auch mitbekommen, dass es am Nachbartisch kein Problem war das Gericht etwas abzuändern. Allgemein kann man sicherlich sagen das Papa Pane ist nicht dafür gemacht um stundenlange Gespräche zu führen, es ist ein Lokal um zu essen und dann auch irgendwann zu gehen, was ich auch in Ordnung finde. Um noch einmal auf den Service zu kommen glaube ich auch manche Menschen machen sich keine Gedanken (oder haben eine falsche Vorstellung) was man für einen gewissen Preis erwarten darf, wenn ich wie hier für unter zehn € essen und trinken kann inkl. Service usw., dann kann man auch nicht unbedingt den Grappa aufs Haus erwarten (wie das manche tun). Bei VaPiano gibt es ja auch nur Gummibärchen und keiner beschwert sich, obwohl der Laden teurer ist.Also, sehr zu empfehlen, mit der Einschränkung, dass es ja vielleicht abends wirklich laut sein könnte und der Service etwas überfordert sein könnte, aber das werde ich bald ausprobieren, bei so einem netten ersten Besuch.",4,16.5.2011
164,Papà Pane di Sorrento,4,237,Italienisch / ,Mitte,2,Jerome S.,"Für mich, die beste Pizza Berlins. Punkt.",5,19.3.2014
165,Papà Pane di Sorrento,4,237,Italienisch / ,Mitte,2,Lotta L.,"5 Sterne für die Pizza, die uneingeschränkt empfehlenswert ist. Kleinigkeiten zum Bemängeln findet man immer und überall (bei mir z.B. zu wenig Basilikum auf der Pizza Margherita) - aber insgesamt schmeckt es einfach sehr gut!5 Sterne auch fürs Preis-Leistungsverthältnis: wer möchte, kann hier günstig essen und den Wein des Hauses genießen - es gibt aber durchaus auch die Möglichkeit, mehr Geld da zu lassen.3 Sterne für den Service, zwar freundlich, aber es grenzt doch eher an Krisenmanagement, den Besucheranstrom irgendwie auf die sehr eng gestellten Tische zu verteilen - dementsprechend ist die Stimmung des Personals manchmal eher gestresst.2 Sterne für die Atmosphäre, denn es ist einfach sehr laut und voll und dadurch auch stickig. Kaum sind Teller und Gläser leer, wird der Tisch schon neu eingeplant und wenn man bezahlt, warten schon die Nächsten auf den frei werdenden Tisch. Dem kann man entgehen, wenn man eher spät zum Essen geht.Eine Reservierung ist auf jeden Fall empfehlenswert und wer ganz in Ruhe essen möchte, holt sich die Pizza einfach zum Mitnehmen.",4,31.10.2013
166,Papà Pane di Sorrento,4,237,Italienisch / ,Mitte,2,Florian C.,"Absolut geniale Pizza! Auswahl ist gut, Qualität, Zutaten ebenfalls! Top Preis-/Leistungs Verhältnis. Zu empfehlen ist auch die Tagespizza. Leider ist es sehr voll und der Raum hallt sehr. Abends deswegen unbedingt reservieren. Auch zum Mitnehmen geeignet. Abzug gibt es nur, weil es sehr laut ist und das Essen man dort nicht immer sehr genießen kann.",4,4.2.2014
167,Papà Pane di Sorrento,4,237,Italienisch / ,Mitte,2,Martina L.,"Eng ist es wirklich, aber das kann man ja auch gemütlich nennen. Die Bedienung war nett, das Essen gut (aber schade, dass man keine kleineren Pizzen bestellen kann, für diese Riesenexemplare muss man schon echt viel Hunger mitbringen!) und die Atmosphäre auch. Der Wein war nicht ganz billig, die Pizza aber zu guten Preisen (ich meine so 8 Euro). Unbedingt reservieren, es ist wirklich voll dort!",4,26.2.2012
168,Papà Pane di Sorrento,4,237,Italienisch / ,Mitte,2,Unknown,"nach dem ersten mal sehr gut. schauen wir wie es weitergeht. bedienung, pizzen, preise, etc. sehr gut!",5,14.3.2012
169,Papà Pane di Sorrento,4,237,Italienisch / ,Mitte,2,Unknown,"Ich habe in meinem ganzen Leben noch nie kein Trinkgeld gegeben..irgendwann ist wohl aber immer das erste mal, bei mir war es gestern im Papa Pane. Ein dermaßen unhöflicher und gleichzeitig auch noch vergesslicher Service (lächerlicherweise wurden nicht einmal Speisen sondern die margenstarken Getränke vergessen), eingebettet in ein deutlich zu lautes Restaurant, haben da leider nicht mehr als die 20 Cent verdient, die dann grade noch zur Aufrundung nötig waren. Das Essen hingegen ist ok bis gut, insbesondere wenn man die doch eher günstigen Preise einbezieht.",1,22.3.2013
170,Papà Pane di Sorrento,4,237,Italienisch / ,Mitte,2,Dirk S.,Die Pizzen - einfach lecker! Der Wein ist einfach - lecker. Und beides wirklich günstig!,4,25.9.2009
171,Papà Pane di Sorrento,4,237,Italienisch / ,Mitte,2,Unknown,"sehr gute Pizzeria mit leckerem Essen, schönem Ambiente, fairen Preisen, komme gerne wieder *",5,2.4.2012
172,Papà Pane di Sorrento,4,237,Italienisch / ,Mitte,2,Unknown,"Sehr, sehr gute Pizza in Mite! Vor allem die Variante Papa pane ist genial, ich schaffe es eigentlich kaum, mal etwas anderes zu bestellen. Aber empfehlen kann ich auch die Pizza mit Spinat und Ricotta. Und erst die Vorspeisen Der Spinatsalat ist göttlich!!! Nachspeisen hatte ich auch schon, allerdings ist das Tiramisu etwas verbesserungsbedürftig. Dafür schmeckt das Cassatta umso besser! Auf jeden Fall sollte man einen Tisch reservieren!!!",4,10.11.2008
173,Papà Pane di Sorrento,4,237,Italienisch / ,Mitte,2,Unknown,"Die B E S T E Pizza der Stadt, macht weiter so, leckerrrrrrrrrrr",5,5.10.2009
174,Papà Pane di Sorrento,4,237,Italienisch / ,Mitte,2,Unknown,"Also eines muss man dem Laden lassen, die machen dort eine super Pizza. Durch die hohe Decke ist es - wenn das Restaurant voll ist  aber recht laut. Wer auf der Suche ist nach einem ruhigen Essen in romantischer Atmosphäre sollte ein anderes Restaurant wählen. Aber für die schnelle Pizze ist papa pane kaum zu schlagen. Preise sind OK, außerdem haben die dort auch Lemon Soda in schnuggeligen kleinen Glasflaschen.",3,8.12.2010
175,Papà Pane di Sorrento,4,237,Italienisch / ,Mitte,2,Unknown,mir schmeckts immer sehr gut.bin so 1 x im monat da zum essen mit freunden.ich finds immer sehr sehr gut - ujnd top aufmerksam und freundlich.auch extrawünsche ohne probleme. volle 5 sterne von mir,5,6.2.2011
176,Papà Pane di Sorrento,4,237,Italienisch / ,Mitte,2,Unknown,"Völlig überbewerteter Italiner. Wer es mag, sein Gegenüber in Bahnhofsatmosphäre anzuschreien, lange auf eine durchschnittliche Pizza zu warten und überforderten Service zu zuschauen, fühlt sich gut aufgehoben. Wir haben es nun mehrmals probiert, da die Empfehlungen durchweg positiv gewesen sind - wird wohl nichts.",1,6.3.2011
177,Papà Pane di Sorrento,4,237,Italienisch / ,Mitte,2,Unknown,"Die Pizza im Papa Pane di Sorrento ist ganz lecker aber nichts besonderes. Dafür ist das Ambiente und der Service sehr schlecht. Es gleicht einer absoluten MAssenabfertigung: unfreundliche und gestresste Kellner, billige Papiertischdecken etc. Nicht zu empfehlen wenn man nett Essen möchte.",1,12.6.2011
178,Papà Pane di Sorrento,4,237,Italienisch / ,Mitte,2,Unknown,"Laut, schnell, ungemütlich aber gute Pizza. Immer sehr gut gefüllt.",4,1.7.2011
179,Papà Pane di Sorrento,4,237,Italienisch / ,Mitte,2,Unknown,"Ein regnerischer Sonntag Abend in Berlin, Kühlschrank leer und sowieso keine Lust, selbst zu kochen: Also Essen gehen, nicht aufwändig und prätentiös, sondern eher normal und bodenständig, möglichst im heimischen Kiez.Unsere Wahl fiel auf o.g. Restaurant,nicht zuletzt aufgrund zahlreicher Empfehlungen von Freunden.Ankunft dort ca. 21.30Uhr.1. Eindruck: Ziemlich voll und ziemlich laut.Alle freien Tische zierte ein Reserviert-Schildchen. (Wohl Hauspolitik!)Nach kurzer Wartezeit an der Tür Begrüßung durch den Padrone, vermutlich.Zuweisung eines Tisches in einer Ecke, sehr angenehm.Wir bestellten bei einer sehr freundlichen, jungen und dekorativen KellnerinBruschetta, Vitello Tonnato und 2 Pizze.Bruschetta: Nicht supergut, aber solide gemacht und durchaus wohlschmeckend.Vitello Tonnato: Geschmacklich gut, die Sauce hätte etwas glatter und cremiger sein können. Leider war das Kalbfleisch falsch aufgeschnitten (m it der Faser, statt dagegen) und daher etwas zäh. So etwas verzeiht man nicht mal einem Koch-Azubi im ersten Lehrjahr.Pizze: Teig dünn und knusprig, Belag in Ordnung, Optik gut, ziemlich wohlschmeckend, eine der besten von Mitte.Fazit: Für einen verregneten Sonntag Abend in Mitte eine gute Wahl",3,3.7.2011
180,Papà Pane di Sorrento,4,237,Italienisch / ,Mitte,2,Meth S.,"Lage: In der Ackerstrasse ca. 50m von der Invalidenstr. Ungefähr da wo (früher) die Ackerhalle stand/steht. (Bin mir nicht so sicher, ob es die Ackerhalle noch gibt?) Resataurant:gegenüber dem Eintrag direkter Einblick in Kücke (da steht so was wie ein Tresen ist aber gleichzeitig Annouce und Büro Im Sommer Tische daraußen, sehr eng gestellt und wenn Sonne, dann aber sehr brütig wegen der Starßenschlucht. Verkehr geht so.Einrichtung: zweckmäßig, 2-er bis 8-er Tische, Papiertischdecken, ein großer hoher Raum. Im Winter zugig, wenn der Gast vergißt, die Türe zügig zu schließen(Berliner sagt: Wohl in der S-Bahn geboren!) Mittags in der Woche immer sehr gut besucht. Es gibt wohl viele kreative Läden in der Umgebung (Medien, Kultur, ..). Dann wird es schon mal lauter(wer kennt sie nicht, die Lauttelefonierer in der Bahn oder Marktschreier, dei ihr ach so wichtig erlebtes un die Masse brüllen müssen)Toiletten (übern Hof!) nicht ganz aber erstmal raus dem Laden Treppe runter und dann ein erstaunlicherweise sauberes Örtchen Essen:Es gibt diverse Pizza und Pasta aber auch Tagesgerichte. Die Pizzen sind geschmacklich OK, etwas matschig und ausreichend groß! Die Pasta (es gibt auch hausgemachte  wer immer die auch macht?) sind ähnlich zu bescheiben. An Kreativität fehlt es nicht  es scheint wohl an der Masse zu liegen, dass die Klasse nicht so durchkommrt. Service:Freundlich, schnell, kompetent, zuweilen auch witzig! In Würdigung der Tatsache, das 2 SK den Laden ablaufen. Bisher noch kein Grund zur Beanstandung! Fazit: Hier muss man nicht hin, aber man kann!",3,2.2.2012
181,Papà Pane di Sorrento,4,237,Italienisch / ,Mitte,2,Unknown,"Sehr sehr unfreundliche Personal und Durchschnittlishes Pizza! Preise find ich auch eher teuer für die Qualität. Als wir nach Leitungswasser gefragt haben, die Antwort war eine unfreundliches nein! Nie wieder!!",1,8.5.2013
182,Papà Pane di Sorrento,4,237,Italienisch / ,Mitte,2,Unknown,"Auch mittags ist die Pizzeria gut besucht, da es zu sehr guten Preisen sehr gute Pasta gibt. Wohl eine der besten Adressen für Pizza in Berlin. Aber Vorsicht: der Service kann schon mal etwas unmotiviert sein und trotz Reservierung können Wartezeiten entstehen. Und was sich meiner Meinung nach gar nicht gehört: Man akzeptiert keine Karten.",3,22.8.2008
183,Papà Pane di Sorrento,4,237,Italienisch / ,Mitte,2,Unknown,"Immer noch eine sehr gute pizza, der service ist leider schlechter geworden.",3,13.2.2009
184,Papà Pane di Sorrento,4,237,Italienisch / ,Mitte,2,Unknown,"Hektisch, bodenständig, günstig, freundlich, kein Gourmet aber wohlschmeckend. Immer wieder gerne.",4,26.11.2009
185,Papà Pane di Sorrento,4,237,Italienisch / ,Mitte,2,Unknown,"Gute Pizza und Pasta, schneller Service, immer voll. Die übrigen Speisen sind nicht immer geschmacklich auf der gleichen Höhe. Dennoch eine gute Empfehlung, wer es schnell und preiswert mag.",4,17.1.2010
186,Papà Pane di Sorrento,4,237,Italienisch / ,Mitte,2,Unknown,"Nach knapp 10 Besuchen im Papa Pane kann ich sagen: sehr gute Pizza, ebenso gute Pasta und Risotto. Die wechselnden Tagesgerichte auch immer lecker und nochmal lecker. Und das bei einem passablen Preis-Leistungs-Verhaeltnis. Der Service dafuer konstant schlecht: unmotiviert und nachlaessig. Die Gaeste scheinen es zu verzeihen - der Laden ist immer voll. Also am besten reservieren!",4,7.4.2010
187,Papà Pane di Sorrento,4,237,Italienisch / ,Mitte,2,Unknown,"Das Essen ist ohne Frage lecker. Ich finde es dort nur einen Tick zu laut und die Tische z.T. zu groß, so dass man sich mit mehreren Personen nicht mehr unterhalten kann. Vielleicht sollte man reservieren.",4,14.5.2010
188,Papà Pane di Sorrento,4,237,Italienisch / ,Mitte,2,Unknown,"Lecker essen. Aber, dass mal wieder am Kundenservice gespart wird, indem keine Kartenzahlung akzeptiert wird, ist das letzte. 4,99 Gebühr am empfohlenen GA nebenan gingen leider vom tipp ab. Ihr lernt es wohl nie",2,18.7.2011
189,Papà Pane di Sorrento,4,237,Italienisch / ,Mitte,2,Unknown,Pizza war prima! Viel zu voll und zu eng (Abstand zum Nachbarn beträgt keine 10 cm!).,3,30.7.2011
190,Papà Pane di Sorrento,4,237,Italienisch / ,Mitte,2,Unknown,eine gute wahl wenn man in der ecke unterwegs ist. allerdings hat die qualität in den letzten jahren leider wirklich nachgelassen,3,31.10.2011
191,Papà Pane di Sorrento,4,237,Italienisch / ,Mitte,2,Unknown,"2x Pizza hier gegessen, total lecker! einmal habe ich für 9 Leute reserviert, trotzdem mussten wir wartendie Kellner waren aber sehr nett und das Warten war nicht schlimm, denn von Arroganz keine Spur! allerdings sollte man wirklich reservieren, gerade am WE. Gerne wieder, und das sicher bald!",5,14.11.2011
192,Papà Pane di Sorrento,4,237,Italienisch / ,Mitte,2,Unknown,"Haben um 20.30 einen Tisch reserviert, durften daraufhin über 20 Minuten im Gang stehen und auf unseren Tisch warten, auf Nachfrage wurden wir mit interessanten Zeitangaben vertröstet Das essen auf den Tellern sah gut aus, jedoch sollte man sich definitiv nicht auf eine Reservierung und den Service verlassen.",1,29.1.2013
193,Papà Pane di Sorrento,4,237,Italienisch / ,Mitte,2,Unknown,"Essen i.O., aber kein Flair, zu laut, auf die Frage nach Leitungswasser bekamen wir die Antwort: Gibt's bei uns nur auf Toilette. Aber der Wein hat's abgerundet.",2,30.12.2012
194,Papà Pane di Sorrento,4,237,Italienisch / ,Mitte,2,Unknown,"Sehr gute Pizza, gute Weine, nettes Personal. Sehr empfehlenswert. Immer wider gerne.",5,23.11.2012
195,Papà Pane di Sorrento,4,237,Italienisch / ,Mitte,2,Unknown,"Sehr gute Essen, immer voll, vorher reservieren",5,25.1.2009
196,Papà Pane di Sorrento,4,237,Italienisch / ,Mitte,2,Unknown,"Tolle Pizzen im Wagenradformat, gute Pasta. Der Mittagstisch ist preiswert. Freunde fürs Leben findet man hier aber nicht.",4,21.6.2009
197,Papà Pane di Sorrento,4,237,Italienisch / ,Mitte,2,Unknown,Essen lecker! Service ok,3,6.2.2011
198,Papà Pane di Sorrento,4,237,Italienisch / ,Mitte,2,Unknown,beste pizza in ganz berlin!!!,5,14.8.2013
199,Papà Pane di Sorrento,4,237,Italienisch / ,Mitte,2,Goia M.,"Bei der letzten Berlinreise im Oktober sind wir durch puren Zufall auf das Papapene Restaurant gestossen, gerade rechtzeitig, denn wir hatten beide einfach Hunger und in diesem Viertel sind die Restaurants nicht toll gestreut, also warum nicht ausprobieren. Dirk hat sich eine Pizza mit Rucola bestellt ich Pasta , beides war extrem lecker, zu der Zeit konnte man noch draussen sitzen, ist zwar direkt an der Strasse, tut dem Genuss an dem leckeren Essen aber nichts ab, mir war im Gegensatz der Service zum ersten Beitrag zuvorkommend, ok, und wir hatten unser Essen nach 10 Minuten Bestellung auf dem Tisch, grosszügige Portionen und es hat gut geschmeckt, auch die Preise waren ok, Pizzateig einwandfrei, auch die Pasta ist nicht beanstandbar, äusserst lecker. Vom Ambiente im inneren Teil des Raums, der eher modern ist, kann ich allerdings wenig berichten. Mag der eine oder andere ungern direkt an der Strasse sitzen, hat mich jetzt wenig gestört, Preis-Leistungsverhältnis und die Qualität des Essens sind einfach gut.",4,6.11.2007
200,Papà Pane di Sorrento,4,237,Italienisch / ,Mitte,2,Unknown,"Super Adresse für große sowie schmackhafte Pizzen mit guten Zutaten zu moderaten Preisen! Leider bei den letzten 2 Besuchen etwas schwankend in der Qualität sowie mit teils sehr chaotischem Service. An einem Abend war leider die erste Focaccia am Rand verbrannt, so dass ich um eine zweite bat & als die zweite dann auch große schwarze Blasen hatte, war es mir dann fast unangenehm diese ebenfalls zurückgehen zu lassen. Die dritte Focaccia war dann bezüglich der Bräune am Punkt, nur leider etwas versalzen. Das klingt jetzt alles sehr negativ, aber wenn man einen guten Tag erwischt, ist die Pizza und Focaccia perfekt! Trotz des sehr ernüchternden Besuches (mittlerweile schon 9 Monate her), sind wir wiedergekommen, da wir zu demselben Preis in Berlin bisher nichts Vergleichbares aufgespürt haben. Die Atmosphäre ist durch die hohen Decken stilvoll, an Freitag- oder Samstagabenden wir's bei dem regen Betrieb jedoch oft sehr voll, sehr laut & beizeiten muss man recht lange warten, bevor man den Blick der Bedienung erhascht, und wenn man etwas bestellt hat, kann es gut auch passieren, dass die bestellte Flasche Wasser einfach vergessen wird. Mit Abstrichen beim Service sowie vereinzelt auch der Qualität vergebe ich bei vielen Abenden mit leckerer Pizza trotzdem noch insgesamt 4 Sterne.",4,3.1.2013
201,Papà Pane di Sorrento,4,237,Italienisch / ,Mitte,2,Unknown,"Das Restaurant in der Ackerstraße (mit den Tram 8 und 12 bis Pappelplatz) ist auch in den hintersten Ecken nicht Dinner 4U-geeignet, wenn man das weiß ist es aber auch okay. ;) Solide Holztische, Bänke (an den Wänden) und Stühle, die den Eingangsblick füllende Theke alles ist dunkel gehalten und mit (hübschen!) Einwegtischdecken dekoriert. Semigemütlich, würde ich sagen, und auf richtig viel Betrieb eingestellt. Zu Recht! Wenn es darum geht was man in einem Restaurant machen will, ist das eine erste Adresse: das Essen. Die Schnelligkeit und professionelle Art der Bedienung ergänzen die hausgemachten und individuellen Speisen. Hier geht es flott zugange, deshalb aber nicht ungemütlich. Der Gast wird weder mit Drängeln nach teueren Getränkebestellungen belästigt noch fünf mal während des Genusses gefragt ob es noch was sein soll. Vielleicht d a r f es noch etwas sein? ;) Megapizzen frisch gebacken und reichlich belegt. Mein Pendant sind die 12Apostel-Dependancen. Mir kommt es bei Pizza nicht darauf an dass sie so hoch wie möglich ist (dann könnte ich ja auch Burger essen gehen) sondern so schmackhaft wie möglich, und das ist hier gewährleistet. Der Rand teilweise sehr knusprig, der Boden angemessen dünn und eben reichlich UND ausreichend belegt. Die Nudelgerichte ebenso einfalls- wie kalorienreich. Wenn Käse draufsteht ist auch Käse drin, das aber alles maßvoll. Die Tagesgerichte sind divers gestaltet und stehen der üblichen Karte in nix nach. Hier kocht und backt man schnell, aber mit Herz. Uneingeschränkt! Das Preisniveau ist mehr als moderat. Hier zählen Berliner Verhältnisse, speziell in Mitte bekommt man an jeder Ecke eine Pizza für 3,00 Euro, die misst dann aber auch nur 26 cm und ist mit Supermarktsalami und Formschinken belegt. Meine Napoli heute mit Sardellen, Kapern und Oliven (und ich musste mir nicht für jedes Stück des etwa 40 cm!!! kreisrunden und tellerüberrandenen Teigteils den Belag zusammensuchen) kostete nur unglaublich wenige 5,20, das Sprudelwasser dazu 1,20. Ich glaube nicht, dass eine vergleichbare Leistung bei entsprechender Qualität erreichbar ist. Abgesehen von den 12Aposteln und in der Libauer10, die haben ähnlich gute Ware zum erschwinglichen Preis. Viele andere der verlockenden und ebenso sabberhaften Gerichte habe ich nicht probiert, so viel kann selbst ich nicht dauerhaft essen. Chapeau! Madame ist begeistert. :)",5,7.2.2012
202,Papà Pane di Sorrento,4,237,Italienisch / ,Mitte,2,Unknown,"das nächste mal geh ich dort Pizza essen, die ist offenbar doch recht gut.als ich da war fragte ich nach einer Spagetti Carbonara.o gute Güte : die Inhaberin ( sie hat ihrer überforderten Kellnerin ausgeholfen, obwohl die alles im Griff hatte) ist fast das Gesicht in den Gulli gerollt.""nein, so etwas ordinäres gibt es nicht in diesem (halleluja) super tollen laden.Ich glaube die denken wirklich sie sind etwas besonders. Egal.Also es gibt keine Spagetti Carbonara. (die gut machen ist auch etwas)Stattdessen bestellte ich etwas mit Pilz und Tagliatelle.Kurz die Pilze waren wässrig, die Blaubeere darauf geschmackloser Matsch und die Sahnesoße = Standard.Ich hätte lieber eine gute Spagetti Carbonara gegessen.am unerträglichsten war eigentlich diese dumme hirnlose Arroganz von der Inhaberin. Und wenn das Essen gut gewesen wäre- hätte ich auch das verziehen.Aber so- sage ich nur : blöde Kuh!Bezahlt habe ich bei der Kellnerin- die nett war.Es gibt nichts sinnloseres als überkandidelte Geschäftsführer/Inhaber die Ihren Kellner glauben helfen zu müssen und rumpfuschen. Die sollten besser darauf achten, wie das Essen rausgeht.saludos",1,1.2.2013
203,Papà Pane di Sorrento,4,237,Italienisch / ,Mitte,2,Unknown,lecker. guter service. gerichte überraschen mich immer wieder geschmacklich. die beste pizza in der stadt. macht weiter so,5,10.3.2012
204,momos,4,13,Vegetarisch / Vegan / ,Mitte,1,Dirk N.,Wir hatten die Experience für 2Alles super lecker So geht gesundes und leckeres Fast Food,5,21.7.2018
205,momos,4,13,Vegetarisch / Vegan / ,Mitte,1,Natalie B.,"Den Hype um diesen Laden kann ich leider nicht ganz nachvollziehen. Das Konzept finde ich gut, gibt's wohl auch nicht oft. Doch in diesem eher kühlen Ambiente konnte mich/uns nichts wirklich geschmacklich überzeugen. Die Suppe war nahezu geschmacklos, die Füllungen ok, der Dip mit Tomate nichts besonderes. Portionen für den Preis eher schmal.In diesem fancy ""Imbiss"" wird selbstverständlich hauptsächlich englisch gesprochen.",3,24.3.2019
206,momos,4,13,Vegetarisch / Vegan / ,Mitte,1,Marie F.,"Ich bin ein absoluter Dumplings Fan. Im Momos werden ausschließlich vegetarische Dumplings angeboten- gebraten oder gedämpft. Schön ist, dass man auch die eine Hälfte gedämpft und die andere Hälfte gebraten bestellen kann. Wir hatten uns zu dritt alle Sorten gedämpft und gebraten bestellt (36 Stück) für 20,90€ super günstig!Der Service war sehr nett und hilfsbereit. Das Restaurant war sehr sauber. Die Einrichtung ist sehr einladend. Für Vegetarier ein absolutes Muss. Ich gebe ehrlich zu, dass mir ein Biss Fleisch oder Fisch gefehlt hat.",4,15.4.2018
207,momos,4,13,Vegetarisch / Vegan / ,Mitte,1,Leo P.,"Recht hipper Laden mit Selbstbedingungen. Momos sind lecker Portionen für den Preis etwas zu klein, aber in Ordnung. Hat auf jeden Fall gut geschmeckt, ich würde wiederkommen.",4,18.3.2018
208,momos,4,13,Vegetarisch / Vegan / ,Mitte,1,Luisa ..,"Einer meiner liebsten Läden in Berlin. Es gibt verschiedene Füllung zur Auswahl, die Preise sind vollkommen angemessen, man wird immer satt und es ist super lecker. Die neue Location ist super, da dort viel mehr Leute Platz finden als in dem kleineren Laden vorher.",4,27.8.2017
209,Porta Nova,3,24,Italienisch / ,Mitte,2,Marcel M.,"Auch in diesem Jahr waren wir bei unserem Berlinaufenthalt mehrfach in diesem Restaurant. Wir hatten diverse Tagesempfehlungen, z. B.  Dorade. Es war jedesmal sehr lecker und die Empfehlung wert. Die Bedienungen waren wieder einmal sehr nett, hatten die Übersicht und waren flott. Ok billig ist das Restaurant nicht, wir finden jedoch bei jedem Besuch seinen Besuch wert. Wir kommen wieder.",4,27.11.2016
210,Porta Nova,3,24,Italienisch / ,Mitte,2,C. K.,"Der Service war schnell und die Pizzen hervorragend. Leider war die Tischdecke leicht befleckt, was ein Punkteabzug rechtfertigt.",4,15.10.2021
211,Porta Nova,3,24,Italienisch / ,Mitte,2,Patrick S.,"Meine Partnerin und ich waren hier während ihres Krankenhausaufenthalts essen. Die Mitarbeiter sind sehr freundlich und zuvorkommend, von außen macht das Restaurant einen schönen Eindruck, innen waren wir nicht.Unser Essen (Vittelo Tonato, Carbonara & Arabbiata) ddas wir auch immer in anderen italienischen Restaurants essen war leider mit das schlechteste das wir je bei einem Italiener gegessen haben. Vorallem das Vitello Tonato für 11,50 war geschmacklos, sehr klein und lieblos angerichtet. Leider können wir dieses Restaurant nicjt empfehlen.",2,17.5.2018
212,Porta Nova,3,24,Italienisch / ,Mitte,2,Michaël H.,Perfetto pasta e vino! Sehr schöne Speisekarte. Einfach und gut. Flott zubereitet. Frisch. Preis-Leistung Spitze.  Gemütliches Ambiente. Leise Musikuntermalung. Aless in Allem: Empfehlung!,5,6.10.2015
213,Porta Nova,3,24,Italienisch / ,Mitte,2,Ema K.,Essen war wirklich mittelmäßig. Dafür die Preise viel zu hoch. Das Carpaccio für 11 Euro war sehr salzig. Das Brusschetta eher durchgeweicht als matschig.Die Lage nah der Charité ist ganz praktisch. Der Service war auch nett. Aber  beim Essen besteht Nachholbedarf.,2,29.10.2015
214,Porta Nova,3,24,Italienisch / ,Mitte,2,Andreas G.,"Ganz anständiger Italiener ""um's Eck"". Faire Preise, freundliche Bedienung, gutes Essen. Viele Parkmöglichkeiten vor der Tür, wenn auch ticketpflichtig (ausgenommen am Sonntag bzw. nach 22 Uhr).",4,16.2.2015
215,Porta Nova,3,24,Italienisch / ,Mitte,2,Peter M.,"Nettes Lokal, Bedienung ganz in Ordnung, Essen ok bis gut.",3,29.9.2012
216,Porta Nova,3,24,Italienisch / ,Mitte,2,Plastinad Q.,"Leider verspricht die Karte mehr als gehalten wird.Das Essen ist zwar nicht wirklich schlecht, jedoch finde ich die Portionen der Fisch und Fleischgrichte mehr als klein, da die (Sättigungs)Beilagen allenfalls der Dekoration dienen. Auch wird auf extra Wünsche nicht eingegangen. Möchte man anstelle der Kartoffeln mehr Gemüse haben, werden die Kartoffeln einfach weggelassen, von mehr Gemüse keine Spur und so wird aus der ohnehin schon spärlichen Portion allenfalls eine Vorspeise. Die Pizza ist zwar recht groß, jedoch sollte man sie essen solange sie noch heiß ist, denn wenn sie kalt wird, ist der Boden recht zäh und man hat wirklich Mühe sie zu schneiden. Das Personal gibt sich bemüht freundlich, wirkt bei dem ein oder anderen aber doch eher aufgesetzt und schmierig. So muss manch Kellner auch aufpassen, dass hier bei vermeitlichen Witzen die Grenze zur Unverschämtheit nicht überschritten wird, denn der Grad zwischen ""witzig charmant"" und ""unangebracht und unter der Gürtellinie"" ist bekanntlich schmal! So gibt sich dieses Restaurant gerne nobel, wird diesem selbst auferlegten Anspruch aber nicht gerecht. Wer gerne viel Geld für wenig Essen bei einem durchschnittlichen Italiener, mit fragwürdigem Charme lässt, wird hier gut aufgehoben sein.",1,5.8.2010
217,Porta Nova,3,24,Italienisch / ,Mitte,2,Markus M.,"Das Positive vorweg: Die Bedienung ist nett und bemühtZum Businesslunch dort gewesen. Zwischen Bestellung und dem Servieren vergingen 30 min, wobei zwischen erster und letzter Speise nochmal ca 5 min lagen (bei 5 anwesenden Personen). Meine Nudeln waren al dente, Sauce war ok. Salat war auch ok. Portionen noch gerade ausreichend. Ein Kollege hatte eine Pizza, bei der in der Mitte der Teig noch halb flüssig war. Bei den anderen Pizzen am Tisch war der Teig bestenfalls durchschnittlich, da nicht kross und mit sehr viel Mehl, darüber hinaus geschmacksneutral.Summa summarum eine sehr langwierige Angelegenheit, die ein einmaliges Versehen war.",1,21.8.2013
218,Porta Nova,3,24,Italienisch / ,Mitte,2,Kristina M.,"Das Essen ist ok, es gibt allerdings deutlich bessere Italiener in Berlin, und die Preise sind deutlich überteuert. Ok, wir sind hier in Mitte, aber knapp 10 Euro für eine einfache Pasta mit Tomatensoße?!Die Bedienung ist allerdings recht charmant, und man kann schön draußen sitzen. Dafür ist die Inneneinrichtung eher wenig ansprechend.",2,24.7.2010
219,Porta Nova,3,24,Italienisch / ,Mitte,2,Unknown,"Meine Frau war zum wiederholten Male gezwungenermaßen mit ihrer Firma in diesem Restaurant und war nie zufrieden. Eine Möhren-Orangencreme-Suppe musste zurückgehen, da sie bei wässriger Konsistenz den bestenfalls Spuren des Geschmacks von Möhren und Orangen vermuten ließ. Von Creme konnte leider gar nicht die Rede sein. Bei einem gegrillten Fisch mit verschiedenen Saucen wurden die Saucen vergessen. Auf Nachfrage wurde dann bemerkt, dass man sie ja noch bringen könnte, es aber egal wäre, da sie sowieso aus der Flasche wären. Das kann man auch an einer Imbissbude so bekommen. Der Salat war zwar nicht schlecht, allerdings war es statt des bestellten Salates mit gebratener Pute ein Salat mit Schafskäse. Der Kellner insistierte aber, dass das so bestellt worden wäre. Abgesehen davon war die Portion mehr als spärlich auch in Anbetracht des Preises. Das gilt übrigens auch für die Beilagen zu den Hauptgerichten, die bestenfalls zur Optik beitragen. Bei größeren Gruppen ist das Personal regelmäßig überfordert die Bestellungen richtig aufzunehmen, da wirkt auch der vermeintliche italienische Charme nicht mehr.",1,12.6.2010
220,Porta Nova,3,24,Italienisch / ,Mitte,2,Sven H.,"Wir hatten wirklich gutes italienisches Mittagessen zu günstigen Preisen im Porta Nova.Besonders beeindruckend war aber der sehr freundliche Service:Mein Kollege war gerade kurz verschwunden, als der bestellte Espresso kam. Kommentar des Obers: Den trinke ich selbst. Ihr Kollege bekommt einen frischen, wenn er wieder am Tisch ist.Echt guter Punkt!",4,14.11.2008
221,Porta Nova,3,24,Italienisch / ,Mitte,2,Stephan L.,"Bei unserem zweiten Berlinaufenthalt aßen wir hier erneut zu Mittag. Diesmal saßen wir auf der Terrasse, was ich aber aufgrund des starken Zigarettenrauchens anderer Gäste bereute. Unser großer Fehler war, NICHT Gerichte von der Mittagskarte bestellt zu haben. Die Gerichte der Mittagskarte (Mo -Fr 12 - 15 Uhr) sind preislich o.k. und enthalten teilweise einen Beilagensalat. Sowohl meine Frau als auch ich waren von Qualität und Preis unserer à la carte Gerichte enttäuscht. Mein Saltimbocca à la Romana für stattliche 17 Euro empfand ich als den größten Reinfall. Das Preis-Leistungsverhältnis stimmte überhaupt nicht überein, so mein Eindruck - drei kleine, nicht gerade zarte Schweinefleischstücke mit wenig Beilagengemüse und KEIN Beilagensalat. Die Nudeln meiner Frau mit Cognac-Rahmsoße und Filetspitzen für 12,90 Euro schmeckten auch nicht besonders - Cognac war nicht herauszuschmecken (eher eine normale Rahmsoße) und die Filetspitzen waren recht fest. Ob das wirklich Filet war??? Zumindest war der Kellner nett. Seltsam fanden wir, am Ende eine Zwischenrechnung mit solcher Aufschrift zu bekommen und keine Abschlussrechnung.",2,6.4.2018
222,Porta Nova,3,24,Italienisch / ,Mitte,2,Unknown,Leckere Pizza. Preislich im Mittelfeld. Für unsere große Gruppe wurden vom Personal schnell weitere Tische zusammengeschoben. Liegt in unmittelbarer Nähe zur Hannoverschen Straße und zur Charite.,3,5.6.2012
223,Porta Nova,3,24,Italienisch / ,Mitte,2,Unknown,"Alles ok, guter Mittags-Italiener, dessen Kundschaft sich vorwiegend aus den umliegenden (Partei-)Büros und der Charité rekrutiert. Zuvorkommende Bedienung, die frischen Speisen sind absolut in Ordnung und die Preise der Umgebung angemessen durchschnittlich. Einen freien Tisch findet man hier immer und angesichts der Einöde ringsherum ist dieses große Restaurant eine angenehme Abwechslung. Aber wer hier ernsthaft einen Nobelitaliener erwartet, ist eh im falschen Teil Berlins :-)",5,28.1.2013
224,Porta Nova,3,24,Italienisch / ,Mitte,2,Unknown,Sehr gutes Essen und auffällig zuvorkommendes Personal. 5 Punkte,5,3.10.2009
225,Porta Nova,3,24,Italienisch / ,Mitte,2,Unknown,"Das Porta Nova wurde am Späten nachmittag für einen kleinen Abendlunch besucht. Auf der Terasse , die allerdings auf Grund der zentralen Lage ziemlich laut war , fanden wir ausreichend Platz unter grossen Sonnenschirmen, die nach einbrechendem Starkregen auch als Regenschirme dientenDer als Aperitif bestellte Prosecco wurde ohne Aufforderung mit Eis serviert. Entweder sahen wir zu amerikanisch aus oder der Kellner hatte keine Ahnung.Als Hauptgericht wurde Kalbsleber mit Salbeibutter, Kartoffeln und Gemüse geordert. Eines der drei leberstücke war sehr durch, die andern beiden waren solala mit einigen sehnigen Stücken. Die Kartoffeln ungesalzen, obwohl wir uns nicht als nierenkrank geoutet hatten.Das vitello Tonnanto war gut und lecker angerichtet.Bier und Cappucciono waren ok.Die Kellner waren am Anfang engagiert, am Ende als es ans Bezahlen ging trat ein etwas bewegunsgarmer Herr mit streng nach hinten gekämmten, geölten haaren in Erscheinung. Nicht so ganz fit.Alles in allem nichts Aussergewöhnliches sondern recht solide Küche.",3,2.6.2013
226,Porta Nova,3,24,Italienisch / ,Mitte,2,Unknown,"Ich war mit meiner Frau dort. Wir hatten uns in der Mittagspause zum Essen verabredet.Die Bedienung recht schnell und das Essen super (Calzone). Mein Sonderwunsch ohne Ei wurde auch erfüllt.Vom Preis ist das ganze etwas gehoben, aber das war in Berlin-Mitte auch nicht anders zuerwarten.Fazit: Ein Besuch lohnt sich.",4,17.8.2012
227,Porta Nova,3,24,Italienisch / ,Mitte,2,Susa R.,"Das Ambiente ist gemütlich, die Bedienung nett, allerdings nicht die Schnellste. Die Nudeln waren sehr lecker und reichhaltig.",4,10.2.2013
228,Porta Nova,3,24,Italienisch / ,Mitte,2,Unknown,"Ich kann mich der Zufriedenheit der Vorschreiber nicht anschliessen! Ich fand meinen Besuch in diesem Restaurant katastrophal!zum Wein: warum schafft es kaum ein Italiener in Deutschland einen vernünftigen, offenen Wein anzubieten! In Italien ist das eine Visitenkarte für's Restaurant! Im Porta Nova gab es einen säuerlichen, unterirdischen Chianti..deutsches Pizzeria-Niveau!Beim Essen gings nicht besser weiter: Bruschetta auf leicht angewärmtem Baguette(?). Null Röstung. Darauf fades, langweiliges Tomatenmaterial. Kaum Öl, keine Kräuter. Zentral auf dem Brot ein kleines Häufchen davon. Die absolute Katastrophe war aber der Salat mit Putenstreifen! Salat selbst soweit ok. Aber irgendjemand (und das kann unmöglich ein gelernter Koch sein) kam auf die wahnwitzige Idee, das Fleisch in einer Pfanne mit einer Art dicken, sämigen, braunen Bratensaucen-Masse zuzubereiten und dann das ganze aüber den Salat zu schütten. Das sah ekelhaft aus und hat auch schrecklich geschmeckt.Das einzig Positive war der freundliche Service!",1,5.10.2012
229,Porta Nova,3,24,Italienisch / ,Mitte,2,Unknown,"Wir (Pärchen in Dreißigern) waren zufällig in der Porta Nova, Hunger trieb uns ins nächstbeste Restaurant.Und wir waren beide recht positiv überrascht: die Karte in vernünftiger Größe, keine Millionen Pasta- und Pizzagerichte, die einen erschlagen, die Tageskarte ließ saisonale Inspiration vermuten.Also nach ordentlichen Bruschetta (kann die vorherige Kritik nicht teilen  anderer Koch?), waren unsere beiden Pastagerichte aus offensichtlich frischen Zutaten, nicht aus der Tüte und ohne irgendwelche geschmacksverstärkenden Zusatzstoffe. Schade, dass man das heute schon explizit erwähnen muss, aber hier viel es positiv auf, denn der doch recht moderate Preis hätte auch anderes vermuten lassne können.Der Nachtisch war keine Offenbarung (Tiramisu und Tartuffo), aber handwerklich solide und somit in Ordnung.Der Service war freundlich, für meinen Geschmack vielleicht etwas zu italienisch-ölig, aber damit kann und muss man beim Italiener rechnen. Meiner Frau gefiel's. ;-)Fazit: Gerne wieder  kein unnötiger Firlefanz  anständige Küche.",4,19.10.2012
230,Porta Nova,3,24,Italienisch / ,Mitte,2,Dietrich L.,"Man sitzt draußen sehr nett, allerdings stehen einige Tische und Stühle auf Rasen oder was in weicher Erde davon übrig ist, hierfür ein gewisser Abzug. Zu Essen hatten wir alle Pasta, die gut war, vor allem die Penne Porta Nuovo. So häufig, wie um uns herum aber Pizza bestellt wurde und so wie sie aussah, wird die aber wohl auch ganz gut sein. Bedienung war freundlich, aber nur mäßig aufmerksam. Alles in allem aber eine ordentliche Darbietung.",4,29.4.2012
231,Porta Nova,3,24,Italienisch / ,Mitte,2,Unknown,Die Preise sind der Gegend und der Qualität angemessen. Das Personal ist freundlich und schnell.,4,18.8.2012
232,Sapori di Casa,5,8,Italienisch / Pizza / ,Tiergarten,2,Stefan K.,"a highlight in a triste area. Very good food, very attentive service (even too much for some ;). Recommended.",5,21.7.2022
233,Sapori di Casa,5,8,Italienisch / Pizza / ,Tiergarten,2,Günnie F.,"Sapori di Casa ist ein italienisches Restaurant, so wie ich es mir wünsche und vorstelle. Es strahlt einen familiären Charakter aus. Das Personal ist sehr freundlich und charmant, so wie wir es aus Italien kennen.Das Essen war wirklich ausgezeichnet. Wir verließen satt und zufrieden - nach einem Absacker - das Lokal. Wir können Sapori di Casa nur weiterempfehlen mit dem Tipp, vorher zu reservieren!",5,22.5.2022
234,Sapori di Casa,5,8,Italienisch / Pizza / ,Tiergarten,2,Isabella D.,"das kleine familienunternehmen hat mir gestern sehr gut gefallen. preis- leistungsverhältnis stimmt, familiäre atmospäre, essen sehr lecker und frisch zubereitet. ... trotzdem konnten wir ungestört unsere gespräche führen. der service ist zurückhaltend aber aufmerksam.ich freue mich euch das weiterempfehlen zu können.",5,31.8.2017
235,Sapori di Casa,5,8,Italienisch / Pizza / ,Tiergarten,2,Marie F.,"Ich liebe dieses Restaurant. Der Service ist exzellent und das Essen ist köstlich. Wenn man eine gute Weinberatung wünscht, wird man auch hier nicht enttäuscht. Im Sommer sitzt man auch draußen sehr schön. Die Atmosphäre ist einfach immer sehr herzlich- man fühlt sich, als würde man zur Familie gehören.",5,10.10.2017
236,Sapori di Casa,5,8,Italienisch / Pizza / ,Tiergarten,2,Ben S.,"Ja was soll man hier noch sagen...es passt einfach alles. Das Essen ist sehr gut und man wird gut satt. Das Personal ist überaus freundlich und man fühlt sich immer sehr willkommen. Gemütlich ist es dort auch.Das haben auch andere mitbekommen mittlerweile. Es lohnt sich daher am Wochenden auf jeden Fall zu reservieren, sonst wird es Abends eng bei spontanen Besuchen.",5,9.2.2018
237,Sapori di Casa,5,8,Italienisch / Pizza / ,Tiergarten,2,Mathias K.,"Haben uns mit meiner Frau gedacht, lass uns doch den neuen Italiener in der Wilsnacker ausprobieren. Was ist, kommen rein und unser Lieblingskellner Marioooo ist da vom alten Lokal :) ! Werden wie immer herzlich begrüßt, eine große Freude ihn wieder zu sehen. Er erzählt uns gleich von ihrem neuen Familienbetrieb mit Papà als Koch zusammen mit seiner Schwiegermutter in der Küche und dem Schwiegervater Franko, den wir auch aus vergangenen Zeiten kannten. Die Speisen waren hammer, muss ehrlich sagen er hat uns sein Vesprechen eingehalten. Zur Krönung gab es einen hausgemachten Creme Brulee und einen Mandelparfait. Alles war perfekt, werden euch jetzt immer besuchen kommen.",5,26.5.2017
